0.8504099 0.1072927 0.0690336 0.0957735 0.0677332 0.0649097 0.0682943 0.0707233 0.0640860 0.0604647 0.0611830 0.0687714 0.0578596 0.0580843 0.0611266 0.0603816 -0.0489628 -0.0288855 -0.0256602 -0.0415210 -0.0480331 -0.0203822 -0.0404307 -0.0328695 0.0299024 0.0248633 0.0271093 0.0151110 0.0240286 0.0220652 0.0322493 0.0232535 0.0249559 0.0247793 0.0116071 0.0302606 0.0211548 0.0218848 0.0246506 0.0176234 0.0069525 0.0088541 0.0131724 0.0027286 0.0145199 0.0197240 0.0108506 0.0078263 -0.0616051 -0.0122215 -0.0243682 -0.0313570 -0.0248682 -0.0100122 -0.0164313 -0.0295353 -0.0372422 -0.0283435 0.0092054 -0.0182364 0.0136486 0.0037663 0.0049874 -0.0000141 -0.0141295 0.0021057 -0.0216172 0.0061923 -0.0209770 0.0131803 -0.0224897 -0.0460642 -0.0446826 -0.0122035 -0.0224893 -0.0209626 -0.0294448 -0.0537594 -0.0299209 -0.1103722 -0.1145559 -0.0302834 -0.0349117 -0.0168092 -0.0644226 -0.0467994 -0.1570847 -0.0402547 -0.0731579 -0.0615199 -0.0610730 -0.0277369 -0.1103770 -0.0335889 -0.1399496
0.1072927 0.8428993 0.0653722 0.1026599 0.0679829 0.0666867 0.0707304 0.0710494 0.0656010 0.0644714 0.0656923 0.0686368 0.0640442 0.0610759 0.0598728 0.0652177 -0.0565308 -0.0290436 -0.0265408 -0.0404496 -0.0536653 -0.0239645 -0.0408189 -0.0433479 0.0303145 0.0221120 0.0282446 0.0205796 0.0257346 0.0282900 0.0328249 0.0256849 0.0247499 0.0258780 0.0143773 0.0318059 0.0195765 0.0252962 0.0241439 0.0222151 0.0066691 0.0118148 0.0132177 0.0029265 0.0119699 0.0215402 0.0071121 0.0024555 -0.0628578 -0.0067887 -0.0258549 -0.0339435 -0.0233251 -0.0115853 -0.0173077 -0.0294326 -0.0401817 -0.0286035 0.0119606 -0.0169487 0.0133931 0.0074869 0.0081168 -0.0010029 -0.0104257 0.0027514 -0.0199526 0.0036138 -0.0220929 0.0152686 -0.0265506 -0.0499581 -0.0440424 -0.0150706 -0.0222431 -0.0162688 -0.0305174 -0.0553627 -0.0289959 -0.1173565 -0.1189076 -0.0313348 -0.0365413 -0.0208575 -0.0703919 -0.0453788 -0.1629576 -0.0378753 -0.0761997 -0.0636302 -0.0633574 -0.0272163 -0.1165637 -0.0320979 -0.1438450
0.0690336 0.0653722 0.8406674 0.0646122 0.1092610 0.1044143 0.1260644 0.1089247 0.0683752 0.0668330 0.0630843 0.0669189 0.0669461 0.0636560 0.0678181 0.0638894 -0.0560360 -0.0355093 -0.0258885 -0.0471833 -0.0560085 -0.0268733 -0.0445467 -0.0446129 0.0295585 0.0233035 0.0331086 0.0237090 0.0246894 0.0297369 0.0385740 0.0210874 0.0327267 0.0281416 0.0147779 0.0376952 0.0241997 0.0224508 0.0277676 0.0273775 0.0105776 0.0107029 0.0158149 0.0021604 0.0154399 0.0247385 0.0087319 0.0059939 -0.0666818 -0.0115554 -0.0227211 -0.0376532 -0.0224799 -0.0104375 -0.0185934 -0.0313587 -0.0380902 -0.0302367 0.0074211 -0.0201178 0.0147804 0.0038991 0.0073412 -0.0036638 -0.0161449 -0.0035064 -0.0231876 0.0063195 -0.0251318 0.0121364 -0.0267781 -0.0485801 -0.0483172 -0.0107953 -0.0183030 -0.0209493 -0.0344878 -0.0595525 -0.0298771 -0.1242240 -0.1301794 -0.0305584 -0.0338709 -0.0221384 -0.0738385 -0.0444490 -0.1714672 -0.0487553 -0.0821255 -0.0634756 -0.0633655 -0.0313741 -0.1227121 -0.0408996 -0.1521882
0.0957735 0.1026599 0.0646122 0.8573726 0.0638889 0.0622277 0.0650920 0.0688495 0.0634236 0.0579872 0.0618907 0.0613487 0.0579897 0.0570257 0.0599137 0.0608380 -0.0522396 -0.0312556 -0.0264887 -0.0443363 -0.0522622 -0.0279452 -0.0412416 -0.0374360 0.0303696 0.0220424 0.0302719 0.0237865 0.0286865 0.0274049 0.0363803 0.0244410 0.0271129 0.0249671 0.0157037 0.0311830 0.0221194 0.0266620 0.0266974 0.0214322 0.0103029 0.0119006 0.0216565 0.0041441 0.0156486 0.0205527 0.0106386 0.0074524 -0.0598388 -0.0086952 -0.0203060 -0.0340259 -0.0220660 -0.0118517 -0.0118143 -0.0287974 -0.0381668 -0.0269314 0.0122128 -0.0115637 0.0132444 0.0057748 0.0081147 0.0013193 -0.0075190 0.0008666 -0.0236271 0.0086615 -0.0221218 0.0174057 -0.0244801 -0.0449954 -0.0463976 -0.0104175 -0.0197562 -0.0169938 -0.0307225 -0.0523714 -0.0284706 -0.1152923 -0.1181421 -0.0294834 -0.0293764 -0.0176487 -0.0691652 -0.0457656 -0.1620173 -0.0370343 -0.0769028 -0.0597008 -0.0602773 -0.0249600 -0.1154807 -0.0337751 -0.1410875
0.0677332 0.0679829 0.1092610 0.0638889 0.8559757 0.1177347 0.1223437 0.1174929 0.0689486 0.0640728 0.0641425 0.0666753 0.0669877 0.0650261 0.0609201 0.0640555 -0.0596466 -0.0331991 -0.0301442 -0.0471289 -0.0568562 -0.0250537 -0.0463241 -0.0439772 0.0347949 0.0256236 0.0332581 0.0214215 0.0259858 0.0291566 0.0406194 0.0259869 0.0308347 0.0282809 0.0122979 0.0370735 0.0229536 0.0260825 0.0310128 0.0248785 0.0148538 0.0134218 0.0157239 0.0051464 0.0149006 0.0221061 0.0103712 0.0059375 -0.0652046 -0.0100308 -0.0270719 -0.0330250 -0.0231627 -0.0077679 -0.0173198 -0.0327882 -0.0389830 -0.0307185 0.0091476 -0.0239697 0.0150029 0.0080112 0.0086115 -0.0031268 -0.0097835 0.0019281 -0.0236196 0.0054788 -0.0221554 0.0184224 -0.0257284 -0.0502773 -0.0526911 -0.0093678 -0.0177162 -0.0199047 -0.0331464 -0.0597492 -0.0308191 -0.1282639 -0.1328503 -0.0297903 -0.0359972 -0.0239863 -0.0718910 -0.0445639 -0.1727927 -0.0461195 -0.0825718 -0.0647396 -0.0649859 -0.0293133 -0.1268661 -0.0417064 -0.1512609
0.0649097 0.0666867 0.1044143 0.0622277 0.1177347 0.8463932 0.1155442 0.1126874 0.0683112 0.0629597 0.0627392 0.0661677 0.0642183 0.0616488 0.0612679 0.0655097 -0.0565878 -0.0327013 -0.0307746 -0.0458464 -0.0523018 -0.0242597 -0.0424918 -0.0417549 0.0325067 0.0255633 0.0321666 0.0241374 0.0285119 0.0292940 0.0354005 0.0230187 0.0314096 0.0276031 0.0107996 0.0327743 0.0174686 0.0220038 0.0208547 0.0229234 0.0128149 0.0126091 0.0169850 0.0041150 0.0152063 0.0231276 0.0109112 0.0005772 -0.0639706 -0.0130902 -0.0287102 -0.0321206 -0.0233148 -0.0099909 -0.0206070 -0.0291641 -0.0439600 -0.0319904 0.0069068 -0.0211162 0.0149527 0.0039603 0.0066543 -0.0016837 -0.0122916 0.0016430 -0.0245882 0.0011472 -0.0205361 0.0133977 -0.0284126 -0.0500605 -0.0509856 -0.0100911 -0.0212927 -0.0202516 -0.0313125 -0.0605738 -0.0290741 -0.1224055 -0.1291044 -0.0298569 -0.0339938 -0.0224436 -0.0705683 -0.0422178 -0.1671806 -0.0458778 -0.0774756 -0.0686013 -0.0685427 -0.0287125 -0.1197019 -0.0423855 -0.1436942
0.0682943 0.0707304 0.1260644 0.0650920 0.1223437 0.1155442 0.8407565 0.1248809 0.0694491 0.0701145 0.0678046 0.0725484 0.0685777 0.0675570 0.0625590 0.0669400 -0.0617650 -0.0329797 -0.0258885 -0.0416816 -0.0574598 -0.0251107 -0.0460240 -0.0452865 0.0309626 0.0255873 0.0323550 0.0227076 0.0256036 0.0302003 0.0368761 0.0252849 0.0315468 0.0293691 0.0152742 0.0369959 0.0185809 0.0242953 0.0269422 0.0279452 0.0128934 0.0130520 0.0148459 0.0020780 0.0118709 0.0216081 0.0073176 0.0026317 -0.0668913 -0.0126016 -0.0273359 -0.0382751 -0.0257220 -0.0112439 -0.0241088 -0.0325975 -0.0391519 -0.0320572 0.0048525 -0.0264232 0.0115749 0.0039605 0.0045798 -0.0013335 -0.0118966 0.0017551 -0.0230214 0.0040404 -0.0273267 0.0135457 -0.0308483 -0.0529723 -0.0519379 -0.0120619 -0.0199462 -0.0182304 -0.0334228 -0.0603353 -0.0323502 -0.1276655 -0.1333202 -0.0315270 -0.0346476 -0.0255625 -0.0748775 -0.0454609 -0.1767433 -0.0478174 -0.0861573 -0.0665434 -0.0686268 -0.0311029 -0.1282056 -0.0457687 -0.1578979
0.0707233 0.0710494 0.1089247 0.0688495 0.1174929 0.1126874 0.1248809 0.8498592 0.0727472 0.0687625 0.0677668 0.0759312 0.0662561 0.0672115 0.0675407 0.0669839 -0.0598051 -0.0352415 -0.0268657 -0.0454367 -0.0569238 -0.0267891 -0.0456258 -0.0503313 0.0319976 0.0294497 0.0332413 0.0243398 0.0263274 0.0268319 0.0391786 0.0261543 0.0325269 0.0291472 0.0148003 0.0386656 0.0223222 0.0247067 0.0279485 0.0262959 0.0154986 0.0122956 0.0170569 0.0048477 0.0134061 0.0272649 0.0106972 0.0066091 -0.0681333 -0.0108779 -0.0301061 -0.0323506 -0.0268057 -0.0099584 -0.0178212 -0.0334556 -0.0419111 -0.0356154 0.0075632 -0.0212238 0.0147877 0.0054759 0.0069296 -0.0036284 -0.0142800 0.0034278 -0.0261684 0.0039808 -0.0229394 0.0188904 -0.0282832 -0.0498266 -0.0512505 -0.0085841 -0.0208937 -0.0198386 -0.0319414 -0.0626188 -0.0334762 -0.1302452 -0.1347307 -0.0328552 -0.0352980 -0.0228274 -0.0723965 -0.0464202 -0.1785660 -0.0426422 -0.0839783 -0.0682818 -0.0691094 -0.0310603 -0.1292125 -0.0416279 -0.1533383
0.0640860 0.0656010 0.0683752 0.0634236 0.0689486 0.0683112 0.0694491 0.0727472 0.8723950 0.0985445 0.1067425 0.0992046 0.1013549 0.0966708 0.0678884 0.0707704 -0.0582202 -0.0332676 -0.0295141 -0.0440918 -0.0567306 -0.0309065 -0.0441962 -0.0428813 0.0360236 0.0275756 0.0333023 0.0267089 0.0284898 0.0322177 0.0400606 0.0284360 0.0303320 0.0278350 0.0129710 0.0372723 0.0242409 0.0262164 0.0257819 0.0241100 0.0135540 0.0109784 0.0167652 0.0089090 0.0185203 0.0261070 0.0142164 0.0099798 -0.0634864 -0.0099613 -0.0229507 -0.0372640 -0.0254295 -0.0106191 -0.0115497 -0.0320872 -0.0417140 -0.0269230 0.0095789 -0.0182259 0.0177708 0.0092922 0.0108547 -0.0005462 -0.0103243 0.0065720 -0.0224997 0.0100653 -0.0201459 0.0195263 -0.0258321 -0.0493449 -0.0443076 -0.0115916 -0.0193679 -0.0212104 -0.0389786 -0.0594462 -0.0290556 -0.1258685 -0.1292572 -0.0293787 -0.0380356 -0.0193933 -0.0749886 -0.0460450 -0.1713493 -0.0415756 -0.0827574 -0.0713326 -0.0695716 -0.0292521 -0.1284836 -0.0390122 -0.1537592
0.0604647 0.0644714 0.0668330 0.0579872 0.0640728 0.0629597 0.0701145 0.0687625 0.0985445 0.8527215 0.0999122 0.1049011 0.1156852 0.1028521 0.0648376 0.0679793 -0.0605051 -0.0315009 -0.0312377 -0.0421781 -0.0576732 -0.0270602 -0.0448073 -0.0429942 0.0296834 0.0270670 0.0295416 0.0234587 0.0237011 0.0275158 0.0318371 0.0239411 0.0288669 0.0273430 0.0120594 0.0372273 0.0199055 0.0247215 0.0287453 0.0243168 0.0076715 0.0089233 0.0156832 0.0071564 0.0158937 0.0222123 0.0091771 0.0087794 -0.0668693 -0.0093117 -0.0253911 -0.0332609 -0.0264411 -0.0082032 -0.0176165 -0.0295154 -0.0383132 -0.0292799 0.0061592 -0.0181261 0.0136041 0.0060048 0.0072188 -0.0052793 -0.0111298 0.0026556 -0.0250229 0.0072208 -0.0231694 0.0131436 -0.0285651 -0.0486737 -0.0462000 -0.0143296 -0.0221334 -0.0178270 -0.0340569 -0.0597705 -0.0309535 -0.1211352 -0.1246800 -0.0307320 -0.0348986 -0.0188992 -0.0746969 -0.0437456 -0.1672243 -0.0440177 -0.0798800 -0.0682513 -0.0691891 -0.0285507 -0.1227130 -0.0405377 -0.1490656
0.0611830 0.0656923 0.0630843 0.0618907 0.0641425 0.0627392 0.0678046 0.0677668 0.1067425 0.0999122 0.8722788 0.1138744 0.1037640 0.1014394 0.0692645 0.0686467 -0.0588058 -0.0352272 -0.0270866 -0.0458179 -0.0559178 -0.0291178 -0.0430575 -0.0461059 0.0330899 0.0252555 0.0314351 0.0280087 0.0283504 0.0279431 0.0374243 0.0251678 0.0314047 0.0272880 0.0144279 0.0379767 0.0250455 0.0249102 0.0289246 0.0243066 0.0139605 0.0105316 0.0169960 0.0073613 0.0157324 0.0261507 0.0099334 0.0082465 -0.0643060 -0.0111061 -0.0225297 -0.0342328 -0.0244962 -0.0092921 -0.0137845 -0.0329551 -0.0424916 -0.0254262 0.0114462 -0.0168813 0.0139865 0.0056401 0.0055164 -0.0005944 -0.0126739 0.0030115 -0.0218839 0.0076467 -0.0232688 0.0150801 -0.0257668 -0.0495703 -0.0464426 -0.0129853 -0.0193191 -0.0211560 -0.0363342 -0.0595099 -0.0324598 -0.1223643 -0.1256862 -0.0308592 -0.0328516 -0.0196818 -0.0742886 -0.0459697 -0.1681164 -0.0424950 -0.0854049 -0.0672804 -0.0665576 -0.0259939 -0.1275943 -0.0385358 -0.1530677
0.0687714 0.0686368 0.0669189 0.0613487 0.0666753 0.0661677 0.0725484 0.0759312 0.0992046 0.1049011 0.1138744 0.8606204 0.1076264 0.1022751 0.0658196 0.0714071 -0.0606825 -0.0309428 -0.0284986 -0.0451341 -0.0587550 -0.0268939 -0.0406523 -0.0443254 0.0294692 0.0233298 0.0290481 0.0223802 0.0250560 0.0287142 0.0348844 0.0233030 0.0287464 0.0280964 0.0142219 0.0384379 0.0229997 0.0233929 0.0261658 0.0196952 0.0130939 0.0086320 0.0205777 0.0045596 0.0192181 0.0219299 0.0120123 0.0057710 -0.0703183 -0.0118683 -0.0231506 -0.0344622 -0.0236885 -0.0065291 -0.0171424 -0.0339921 -0.0426105 -0.0240006 0.0098053 -0.0237695 0.0132994 0.0056595 0.0062304 -0.0057351 -0.0118206 0.0015183 -0.0210283 0.0053714 -0.0213484 0.0165613 -0.0253085 -0.0509556 -0.0483123 -0.0186273 -0.0245620 -0.0198377 -0.0379163 -0.0624267 -0.0281880 -0.1228295 -0.1262283 -0.0314416 -0.0364921 -0.0235792 -0.0777229 -0.0470280 -0.1676217 -0.0427225 -0.0841876 -0.0714532 -0.0702316 -0.0316130 -0.1241089 -0.0388177 -0.1547320
0.0578596 0.0640442 0.0669461 0.0579897 0.0669877 0.0642183 0.0685777 0.0662561 0.1013549 0.1156852 0.1037640 0.1076264 0.8560557 0.1102646 0.0682403 0.0696319 -0.0625682 -0.0317909 -0.0279037 -0.0454333 -0.0597012 -0.0250485 -0.0431583 -0.0444081 0.0313408 0.0233199 0.0341892 0.0237827 0.0266642 0.0278507 0.0366453 0.0249603 0.0309065 0.0279217 0.0102084 0.0375833 0.0240454 0.0260293 0.0278857 0.0212042 0.0082708 0.0074353 0.0139252 0.0102085 0.0148351 0.0208851 0.0129260 0.0049863 -0.0662296 -0.0100235 -0.0277137 -0.0295034 -0.0218156 -0.0134063 -0.0148763 -0.0327995 -0.0414396 -0.0286560 0.0108353 -0.0205798 0.0147688 0.0038844 0.0067781 -0.0090789 -0.0100752 0.0038716 -0.0246046 0.0045451 -0.0227776 0.0158264 -0.0274094 -0.0484984 -0.0494662 -0.0128725 -0.0215384 -0.0193112 -0.0356084 -0.0601259 -0.0285195 -0.1265111 -0.1266999 -0.0326446 -0.0374867 -0.0228229 -0.0773980 -0.0472090 -0.1693460 -0.0447609 -0.0835564 -0.0698749 -0.0702406 -0.0302329 -0.1258522 -0.0412498 -0.1514508
0.0580843 0.0610759 0.0636560 0.0570257 0.0650261 0.0616488 0.0675570 0.0672115 0.0966708 0.1028521 0.1014394 0.1022751 0.1102646 0.8553647 0.0668779 0.0606076 -0.0553323 -0.0286695 -0.0235495 -0.0452574 -0.0569265 -0.0240648 -0.0425954 -0.0404873 0.0318200 0.0210118 0.0289894 0.0238375 0.0260863 0.0261098 0.0318424 0.0231516 0.0249445 0.0270816 0.0128115 0.0363873 0.0233515 0.0227486 0.0232702 0.0255888 0.0114464 0.0087575 0.0173229 0.0077927 0.0143178 0.0247356 0.0109688 0.0087326 -0.0649277 -0.0113827 -0.0253711 -0.0367122 -0.0254912 -0.0138225 -0.0148206 -0.0287653 -0.0434289 -0.0289217 0.0087259 -0.0185645 0.0137493 0.0028642 0.0046736 -0.0023174 -0.0132581 0.0038706 -0.0225941 0.0074688 -0.0207130 0.0129182 -0.0269261 -0.0504109 -0.0465746 -0.0118613 -0.0208618 -0.0170713 -0.0331041 -0.0579059 -0.0299880 -0.1235826 -0.1220625 -0.0334025 -0.0333657 -0.0201354 -0.0771000 -0.0430754 -0.1667593 -0.0418546 -0.0849496 -0.0682402 -0.0678040 -0.0261893 -0.1246723 -0.0321478 -0.1494400
0.0611266 0.0598728 0.0678181 0.0599137 0.0609201 0.0612679 0.0625590 0.0675407 0.0678884 0.0648376 0.0692645 0.0658196 0.0682403 0.0668779 0.8520273 0.0658494 -0.0500572 -0.0281703 -0.0232917 -0.0441875 -0.0521996 -0.0194912 -0.0392459 -0.0398069 0.0285079 0.0236451 0.0323734 0.0232737 0.0251208 0.0283100 0.0375312 0.0219630 0.0279640 0.0251104 0.0158757 0.0325737 0.0205490 0.0267712 0.0254564 0.0258982 0.0056430 0.0112649 0.0147819 0.0079770 0.0153571 0.0244385 0.0066249 0.0089812 -0.0592323 -0.0076200 -0.0204710 -0.0322126 -0.0204958 -0.0075029 -0.0116940 -0.0272449 -0.0356349 -0.0222372 0.0117021 -0.0157372 0.0129204 0.0045748 0.0046837 -0.0062132 -0.0119313 -0.0034763 -0.0202576 0.0079286 -0.0239228 0.0142304 -0.0219581 -0.0436783 -0.0424893 -0.0156768 -0.0200847 -0.0202272 -0.0358764 -0.0529297 -0.0300458 -0.1114941 -0.1174877 -0.0250115 -0.0255032 -0.0177884 -0.0661601 -0.0406338 -0.1581534 -0.0398079 -0.0747833 -0.0620930 -0.0607843 -0.0278565 -0.1112105 -0.0371075 -0.1381936
0.0603816 0.0652177 0.0638894 0.0608380 0.0640555 0.0655097 0.0669400 0.0669839 0.0707704 0.0679793 0.0686467 0.0714071 0.0696319 0.0606076 0.0658494 0.8597317 -0.0579108 -0.0344040 -0.0289831 -0.0401450 -0.0516681 -0.0215946 -0.0412736 -0.0399934 0.0304809 0.0296351 0.0313581 0.0237515 0.0277270 0.0297567 0.0382165 0.0294971 0.0356014 0.0248084 0.0181634 0.0371037 0.0228419 0.0265407 0.0261712 0.0213721 0.0111417 0.0125124 0.0217686 0.0049595 0.0138069 0.0251392 0.0131573 0.0055380 -0.0595594 -0.0100817 -0.0199051 -0.0334555 -0.0222024 -0.0093052 -0.0169499 -0.0297646 -0.0382840 -0.0221546 0.0087753 -0.0147041 0.0151142 0.0056406 0.0068796 -0.0033670 -0.0077760 0.0023982 -0.0202285 0.0056838 -0.0244665 0.0144665 -0.0214501 -0.0463303 -0.0442165 -0.0085952 -0.0199419 -0.0148878 -0.0314009 -0.0570485 -0.0270682 -0.1128921 -0.1171871 -0.0262992 -0.0323299 -0.0191663 -0.0670588 -0.0441778 -0.1610664 -0.0390160 -0.0726324 -0.0648353 -0.0634423 -0.0253587 -0.0954601 -0.0410243 -0.1437397
-0.0489628 -0.0565308 -0.0560360 -0.0522396 -0.0596466 -0.0565878 -0.0617650 -0.0598051 -0.0582202 -0.0605051 -0.0588058 -0.0606825 -0.0625682 -0.0553323 -0.0500572 -0.0579108 1.0901291 0.0447877 0.0442784 0.0765059 0.0814531 0.0376153 0.0570328 0.0771772 -0.0494012 -0.0445757 -0.0496087 -0.0337474 -0.0485275 -0.0468463 -0.0606975 -0.0525231 -0.0567026 -0.0258074 -0.0241708 -0.0518872 -0.0325124 -0.0346767 -0.0444782 -0.0415068 -0.0159169 -0.0205202 -0.0394671 -0.0260593 -0.0335742 -0.0346403 -0.0191705 -0.0345071 0.0559332 -0.0144695 0.0052672 0.0215300 -0.0131742 -0.0019213 0.0069796 0.0128735 0.0296183 0.0081529 -0.0397517 -0.0018851 -0.0358554 -0.0375036 -0.0361026 -0.0212678 -0.0111929 -0.0190661 -0.0037417 -0.0330831 -0.0008635 -0.0342273 -0.0014624 0.0308084 0.0302371 -0.0017903 0.0023008 -0.0081569 0.0117083 0.0287130 0.0159792 0.1004984 0.1067694 0.0098624 0.0205834 -0.0016373 0.0575308 0.0177806 0.1566390 0.0231726 0.0665327 0.0229411 0.0242520 -0.0064155 0.1031526 0.0256827 0.1334400
-0.0288855 -0.0290436 -0.0355093 -0.0312556 -0.0331991 -0.0327013 -0.0329797 -0.0352415 -0.0332676 -0.0315009 -0.0352272 -0.0309428 -0.0317909 -0.0286695 -0.0281703 -0.0344040 0.0447877 1.0203198 0.0453064 0.0546752 0.0519339 0.0408905 0.0472667 0.0457898 -0.0312824 -0.0361194 -0.0348293 -0.0301365 -0.0292874 -0.0376014 -0.0422027 -0.0377151 -0.0370781 -0.0160070 -0.0273222 -0.0390586 -0.0269290 -0.0314921 -0.0349474 -0.0350855 -0.0143493 -0.0288781 -0.0252181 -0.0181947 -0.0172067 -0.0302288 -0.0234338 -0.0253696 0.0227599 -0.0146718 0.0016129 -0.0088020 -0.0120865 0.0004335 -0.0164526 0.0007665 0.0117539 0.0064855 -0.0280370 -0.0054524 -0.0339092 -0.0338550 -0.0328956 -0.0179524 -0.0084880 -0.0201848 -0.0055187 -0.0237278 -0.0137771 -0.0260777 -0.0091217 0.0148731 0.0131826 -0.0074274 -0.0046930 0.0059655 -0.0007236 0.0228771 0.0079050 0.0540533 0.0568228 0.0029992 0.0125269 -0.0073044 0.0302047 0.0185645 0.0965323 0.0012643 0.0313225 0.0143328 0.0160716 0.0022175 0.0675599 0.0009269 0.0879813
-0.0256602 -0.0265408 -0.0258885 -0.0264887 -0.0301442 -0.0307746 -0.0258885 -0.0268657 -0.0295141 -0.0312377 -0.0270866 -0.0284986 -0.0279037 -0.0235495 -0.0232917 -0.0289831 0.0442784 0.0453064 1.0135502 0.0515559 0.0573266 0.0367840 0.0408595 0.0426464 -0.0300325 -0.0248767 -0.0247298 -0.0281314 -0.0270376 -0.0352313 -0.0334585 -0.0322870 -0.0349012 -0.0136919 -0.0257374 -0.0261880 -0.0293777 -0.0301112 -0.0325033 -0.0274811 -0.0194026 -0.0228678 -0.0271501 -0.0180951 -0.0072072 -0.0237730 -0.0223558 -0.0193902 0.0273533 -0.0091747 0.0010699 -0.0063781 -0.0044619 -0.0046410 -0.0090074 0.0094076 -0.0001210 -0.0019477 -0.0273905 -0.0004642 -0.0330175 -0.0262432 -0.0263939 -0.0143578 -0.0126717 -0.0214734 -0.0070546 -0.0177563 -0.0212153 -0.0239529 -0.0143696 0.0014932 0.0042692 -0.0059129 -0.0060753 -0.0034860 0.0000338 0.0093438 0.0001707 0.0506488 0.0618922 -0.0037446 0.0119482 -0.0159126 0.0221292 0.0095862 0.0793748 0.0034881 0.0096586 0.0118465 0.0110507 -0.0013692 0.0566221 -0.0000331 0.0646965
-0.0415210 -0.0404496 -0.0471833 -0.0443363 -0.0471289 -0.0458464 -0.0416816 -0.0454367 -0.0440918 -0.0421781 -0.0458179 -0.0451341 -0.0454333 -0.0452574 -0.0441875 -0.0401450 0.0765059 0.0546752 0.0515559 1.0742389 0.0613115 0.0577626 0.0766278 0.0568770 -0.0402302 -0.0369274 -0.0426175 -0.0367708 -0.0427859 -0.0452494 -0.0529089 -0.0438135 -0.0453892 -0.0213876 -0.0301949 -0.0437541 -0.0241145 -0.0379561 -0.0389362 -0.0396684 -0.0310189 -0.0325008 -0.0382990 -0.0240761 -0.0248477 -0.0421737 -0.0351523 -0.0200766 0.0408386 -0.0046736 0.0094620 0.0135406 0.0055491 -0.0055278 -0.0097442 -0.0063837 0.0111842 0.0109515 -0.0333897 0.0051119 -0.0365787 -0.0344819 -0.0319512 -0.0249606 -0.0081577 -0.0246887 -0.0035032 -0.0196066 -0.0181522 -0.0265254 -0.0123979 0.0121331 0.0171397 0.0090123 0.0044668 -0.0125968 0.0023206 0.0215448 0.0016069 0.0780789 0.0621926 -0.0016573 -0.0062610 0.0029264 0.0245113 0.0120790 0.1310351 0.0173560 0.0501705 0.0301276 0.0316366 0.0061261 0.0890989 -0.0121021 0.1086994
-0.0480331 -0.0536653 -0.0560085 -0.0522622 -0.0568562 -0.0523018 -0.0574598 -0.0569238 -0.0567306 -0.0576732 -0.0559178 -0.0587550 -0.0597012 -0.0569265 -0.0521996 -0.0516681 0.0814531 0.0519339 0.0573266 0.0613115 1.1126021 0.0540010 0.0665873 0.0702009 -0.0477904 -0.0390467 -0.0397552 -0.0413459 -0.0456773 -0.0568906 -0.0525285 -0.0503521 -0.0551208 -0.0259305 -0.0335290 -0.0511000 -0.0452443 -0.0403765 -0.0464409 -0.0402032 -0.0203168 -0.0310204 -0.0421284 -0.0267478 -0.0262792 -0.0403521 -0.0280723 -0.0395292 0.0568722 -0.0059972 0.0033364 0.0256586 0.0052405 -0.0130304 -0.0148933 0.0090606 0.0196823 -0.0003431 -0.0441687 -0.0068404 -0.0426233 -0.0324591 -0.0312701 -0.0157764 -0.0111340 -0.0282711 -0.0017919 -0.0406051 -0.0078554 -0.0318656 0.0017255 0.0285603 0.0253158 -0.0010752 0.0037279 -0.0165391 0.0122612 0.0474126 0.0045409 0.0959722 0.1016086 0.0032689 0.0113875 0.0069526 0.0439691 0.0125295 0.1599498 0.0236225 0.0670389 0.0319010 0.0313985 0.0122141 0.1117651 0.0271913 0.1301084
-0.0203822 -0.0239645 -0.0268733 -0.0279452 -0.0250537 -0.0242597 -0.0251107 -0.0267891 -0.0309065 -0.0270602 -0.0291178 -0.0268939 -0.0250485 -0.0240648 -0.0194912 -0.0215946 0.0376153 0.0408905 0.0367840 0.0577626 0.0540010 1.0248853 0.0502676 0.0567463 -0.0362384 -0.0229151 -0.0314154 -0.0219525 -0.0354804 -0.0390252 -0.0387348 -0.0342486 -0.0373271 -0.0139394 -0.0217621 -0.0303049 -0.0294386 -0.0248258 -0.0367900 -0.0284139 -0.0239819 -0.0311183 -0.0279843 -0.0192096 -0.0203715 -0.0333866 -0.0267318 -0.0226154 0.0284019 -0.0153814 0.0050095 0.0076498 0.0063010 -0.0102397 -0.0192158 -0.0051921 -0.0015707 0.0070546 -0.0200349 0.0016971 -0.0368985 -0.0233527 -0.0224499 -0.0221654 -0.0231800 -0.0231721 -0.0120987 -0.0229423 -0.0169704 -0.0217133 -0.0180035 0.0035631 0.0047810 -0.0057238 -0.0051631 -0.0103491 -0.0000268 0.0262131 0.0199908 0.0506261 0.0431897 -0.0086667 -0.0051137 0.0010891 0.0153343 0.0083912 0.0791248 0.0049003 0.0212899 0.0152554 0.0166632 -0.0014932 0.0573954 -0.0048195 0.0686514
-0.0404307 -0.0408189 -0.0445467 -0.0412416 -0.0463241 -0.0424918 -0.0460240 -0.0456258 -0.0441962 -0.0448073 -0.0430575 -0.0406523 -0.0431583 -0.0425954 -0.0392459 -0.0412736 0.0570328 0.0472667 0.0408595 0.0766278 0.0665873 0.0502676 1.0563865 0.0606249 -0.0416662 -0.0395210 -0.0417348 -0.0366862 -0.0399987 -0.0443908 -0.0416796 -0.0384805 -0.0430217 -0.0201985 -0.0301996 -0.0473600 -0.0388671 -0.0348656 -0.0451306 -0.0375950 -0.0181791 -0.0267913 -0.0329395 -0.0194783 -0.0272292 -0.0331232 -0.0288701 -0.0252320 0.0322480 -0.0053301 0.0116351 0.0132668 0.0005822 -0.0048298 -0.0119398 0.0056327 0.0043067 0.0243083 -0.0241247 0.0011111 -0.0397697 -0.0283857 -0.0281814 -0.0266412 -0.0165994 -0.0183314 -0.0070361 -0.0256028 -0.0111992 -0.0260991 -0.0125553 0.0172183 0.0095185 0.0058619 -0.0048101 -0.0124131 0.0086462 0.0224944 0.0120189 0.0834446 0.0734152 0.0026904 0.0050651 0.0066403 0.0388514 0.0158605 0.1195258 0.0258664 0.0526251 0.0220694 0.0232789 0.0017790 0.0835846 0.0045377 0.1112631
-0.0328695 -0.0433479 -0.0446129 -0.0374360 -0.0439772 -0.0417549 -0.0452865 -0.0503313 -0.0428813 -0.0429942 -0.0461059 -0.0443254 -0.0444081 -0.0404873 -0.0398069 -0.0399934 0.0771772 0.0457898 0.0426464 0.0568770 0.0702009 0.0567463 0.0606249 1.0565077 -0.0379350 -0.0262419 -0.0401920 -0.0278130 -0.0357009 -0.0415469 -0.0470987 -0.0326924 -0.0495173 -0.0200837 -0.0337313 -0.0401535 -0.0312629 -0.0309270 -0.0382980 -0.0379023 -0.0161602 -0.0284280 -0.0334477 -0.0200736 -0.0183242 -0.0317625 -0.0205900 -0.0343409 0.0290349 -0.0106828 0.0101648 0.0196914 -0.0080346 -0.0040693 -0.0002944 0.0013485 0.0127610 0.0064786 -0.0323344 -0.0121247 -0.0322835 -0.0282191 -0.0278588 -0.0273624 -0.0151168 -0.0267264 -0.0072238 -0.0337000 -0.0070192 -0.0202259 -0.0044760 0.0211516 0.0203608 -0.0072480 -0.0050280 -0.0044239 0.0074713 0.0298179 -0.0004488 0.0730773 0.0631133 -0.0021674 0.0036442 -0.0065387 0.0422269 0.0073831 0.1194885 0.0074734 0.0323287 0.0298143 0.0291688 -0.0029745 0.0775959 0.0091066 0.0976606
0.0299024 0.0303145 0.0295585 0.0303696 0.0347949 0.0325067 0.0309626 0.0319976 0.0360236 0.0296834 0.0330899 0.0294692 0.0313408 0.0318200 0.0285079 0.0304809 -0.0494012 -0.0312824 -0.0300325 -0.0402302 -0.0477904 -0.0362384 -0.0416662 -0.0379350 0.8439167 0.0229150 0.0306185 0.0429859 0.0569796 0.0675723 0.0673967 0.0438045 0.0260935 0.0181302 0.0148545 0.0286516 0.0162145 0.0185048 0.0140935 0.0221784 0.0044114 0.0087150 0.0153539 0.0053570 0.0132823 0.0210631 0.0062339 0.0038201 -0.0457105 -0.0119788 -0.0214460 -0.0232493 -0.0211608 -0.0075055 -0.0156309 -0.0176351 -0.0239801 -0.0229849 0.0068773 -0.0126879 0.0061567 -0.0016315 0.0002439 0.0027433 -0.0059117 0.0061193 -0.0134500 0.0016554 -0.0062303 0.0167393 -0.0139329 -0.0322202 -0.0350954 -0.0117385 -0.0167684 -0.0079560 -0.0256458 -0.0386431 -0.0264377 -0.0786637 -0.0928000 -0.0167427 -0.0153574 -0.0095943 -0.0525555 -0.0308657 -0.1230165 -0.0244518 -0.0571515 -0.0467423 -0.0480360 -0.0153919 -0.0907889 -0.0225186 -0.1093800
0.0248633 0.0221120 0.0233035 0.0220424 0.0256236 0.0255633 0.0255873 0.0294497 0.0275756 0.0270670 0.0252555 0.0233298 0.0233199 0.0210118 0.0236451 0.0296351 -0.0445757 -0.0361194 -0.0248767 -0.0369274 -0.0390467 -0.0229151 -0.0395210 -0.0262419 0.0229150 0.8553931 0.0636315 0.0129229 0.0313716 0.0202774 0.0316501 0.0215415 0.0230136 0.0154483 0.0065965 0.0266113 0.0132688 0.0144526 0.0163536 0.0211277 0.0028699 0.0103486 0.0095606 -0.0012670 0.0054375 0.0183822 0.0078783 -0.0018788 -0.0377751 -0.0028888 -0.0118797 -0.0199500 -0.0060733 -0.0008390 -0.0005049 -0.0202158 -0.0198833 -0.0150054 0.0086774 -0.0069018 0.0198509 0.0085036 0.0090978 -0.0008884 -0.0036724 0.0024621 -0.0162783 -0.0011529 -0.0161566 0.0065377 -0.0158682 -0.0305249 -0.0204280 -0.0077691 -0.0080336 -0.0134369 -0.0189770 -0.0387056 -0.0163443 -0.0627002 -0.0719419 -0.0093656 -0.0201646 -0.0066188 -0.0390430 -0.0178992 -0.1148373 -0.0202347 -0.0472416 -0.0397991 -0.0379988 -0.0101048 -0.0709343 -0.0252021 -0.0925691
0.0271093 0.0282446 0.0331086 0.0302719 0.0332581 0.0321666 0.0323550 0.0332413 0.0333023 0.0295416 0.0314351 0.0290481 0.0341892 0.0289894 0.0323734 0.0313581 -0.0496087 -0.0348293 -0.0247298 -0.0426175 -0.0397552 -0.0314154 -0.0417348 -0.0401920 0.0306185 0.0636315 0.8518355 0.0233201 0.0280332 0.0317084 0.0327797 0.0310631 0.0255035 0.0172598 0.0116012 0.0218727 0.0187062 0.0145652 0.0184639 0.0246890 0.0038434 0.0120865 0.0138283 0.0066407 0.0092744 0.0141878 0.0088898 0.0044496 -0.0454779 -0.0069832 -0.0238289 -0.0179638 -0.0175892 -0.0099510 -0.0107987 -0.0242479 -0.0239113 -0.0122370 0.0052047 -0.0015385 0.0138924 0.0057637 0.0046434 0.0096082 0.0003748 -0.0023444 -0.0117340 0.0021215 -0.0102644 0.0137955 -0.0088103 -0.0338884 -0.0336974 -0.0080071 -0.0089395 -0.0074957 -0.0235898 -0.0392718 -0.0209048 -0.0827167 -0.0890386 -0.0139122 -0.0161519 -0.0105596 -0.0426259 -0.0253759 -0.1199640 -0.0279114 -0.0508757 -0.0466250 -0.0455163 -0.0138143 -0.0830324 -0.0201643 -0.1006153
0.0151110 0.0205796 0.0237090 0.0237865 0.0214215 0.0241374 0.0227076 0.0243398 0.0267089 0.0234587 0.0280087 0.0223802 0.0237827 0.0238375 0.0232737 0.0237515 -0.0337474 -0.0301365 -0.0281314 -0.0367708 -0.0413459 -0.0219525 -0.0366862 -0.0278130 0.0429859 0.0129229 0.0233201 0.8648140 0.0571896 0.0378526 0.0337006 0.0462854 0.0081204 0.0141137 0.0032756 0.0198711 0.0162485 0.0120578 0.0142850 0.0044835 0.0154747 0.0099172 0.0116214 0.0025840 0.0044781 0.0239341 0.0229659 0.0048702 -0.0419565 -0.0122236 -0.0061842 -0.0137263 -0.0081833 0.0080212 -0.0046139 -0.0268880 -0.0166488 -0.0187135 0.0074087 -0.0114621 0.0106250 0.0060560 0.0045224 0.0015996 -0.0047662 -0.0016813 -0.0221909 0.0047494 -0.0123521 0.0118164 -0.0133656 -0.0218018 -0.0141712 -0.0114552 -0.0143416 -0.0080103 -0.0212942 -0.0370318 -0.0213372 -0.0696103 -0.0692383 -0.0150285 -0.0159550 -0.0124071 -0.0441449 -0.0233440 -0.1001745 -0.0236746 -0.0577038 -0.0439697 -0.0430746 -0.0220140 -0.0770329 -0.0228753 -0.0889199
0.0240286 0.0257346 0.0246894 0.0286865 0.0259858 0.0285119 0.0256036 0.0263274 0.0284898 0.0237011 0.0283504 0.0250560 0.0266642 0.0260863 0.0251208 0.0277270 -0.0485275 -0.0292874 -0.0270376 -0.0427859 -0.0456773 -0.0354804 -0.0399987 -0.0357009 0.0569796 0.0313716 0.0280332 0.0571896 0.8593131 0.0490906 0.0429819 0.0591957 0.0162204 0.0159735 0.0063776 0.0205542 0.0136322 0.0180657 0.0171827 0.0120362 0.0085971 -0.0007882 0.0115347 0.0014101 0.0051307 0.0152249 0.0052688 0.0004299 -0.0293470 -0.0105607 -0.0128312 -0.0294970 -0.0074073 0.0029455 -0.0097053 -0.0219525 -0.0190439 -0.0115489 0.0079597 -0.0094806 0.0162219 0.0080606 0.0091794 0.0080828 -0.0061025 0.0023032 -0.0184954 0.0000997 -0.0164501 0.0142618 -0.0133690 -0.0254308 -0.0260656 -0.0089331 -0.0147382 -0.0103993 -0.0199282 -0.0398763 -0.0168365 -0.0703078 -0.0744930 -0.0122958 -0.0216383 -0.0088105 -0.0460510 -0.0328179 -0.1130611 -0.0298596 -0.0492908 -0.0419485 -0.0429348 -0.0198767 -0.0810854 -0.0255893 -0.0951197
0.0220652 0.0282900 0.0297369 0.0274049 0.0291566 0.0292940 0.0302003 0.0268319 0.0322177 0.0275158 0.0279431 0.0287142 0.0278507 0.0261098 0.0283100 0.0297567 -0.0468463 -0.0376014 -0.0352313 -0.0452494 -0.0568906 -0.0390252 -0.0443908 -0.0415469 0.0675723 0.0202774 0.0317084 0.0378526 0.0490906 0.8572490 0.0622820 0.0431135 0.0131034 0.0167920 0.0112609 0.0234837 0.0178468 0.0273993 0.0137730 0.0230511 0.0036999 0.0100616 0.0187005 0.0066738 0.0110345 0.0168880 0.0123295 0.0126161 -0.0424573 -0.0123317 -0.0194575 -0.0177162 -0.0115081 -0.0035790 -0.0021212 -0.0230219 -0.0267973 -0.0181429 0.0027198 -0.0123560 0.0181014 0.0097049 0.0093787 0.0110744 -0.0077072 0.0046019 -0.0136150 0.0128461 -0.0038353 0.0196234 -0.0087152 -0.0330017 -0.0237376 -0.0158827 -0.0198344 0.0022883 -0.0265846 -0.0387283 -0.0229035 -0.0803355 -0.0824296 -0.0099263 -0.0144854 -0.0148906 -0.0435915 -0.0243954 -0.1225902 -0.0254864 -0.0569767 -0.0461067 -0.0453631 -0.0189449 -0.0852797 -0.0228582 -0.1057494
0.0322493 0.0328249 0.0385740 0.0363803 0.0406194 0.0354005 0.0368761 0.0391786 0.0400606 0.0318371 0.0374243 0.0348844 0.0366453 0.0318424 0.0375312 0.0382165 -0.0606975 -0.0422027 -0.0334585 -0.0529089 -0.0525285 -0.0387348 -0.0416796 -0.0470987 0.0673967 0.0316501 0.0327797 0.0337006 0.0429819 0.0622820 0.8430808 0.0407574 0.0236182 0.0208971 0.0130814 0.0338924 0.0236630 0.0251333 0.0264116 0.0248662 0.0080596 0.0094763 0.0232622 0.0078628 0.0154960 0.0276831 0.0116841 0.0109314 -0.0568820 -0.0049563 -0.0191471 -0.0160566 -0.0124536 -0.0036502 -0.0058429 -0.0201401 -0.0320732 -0.0224661 0.0193225 -0.0109977 0.0136085 0.0057826 0.0066429 0.0007984 -0.0033481 0.0029176 -0.0178227 0.0107825 -0.0081998 0.0249806 -0.0133578 -0.0390474 -0.0302595 -0.0079673 -0.0113956 -0.0111514 -0.0266306 -0.0457926 -0.0262221 -0.0900150 -0.0996662 -0.0178582 -0.0229531 -0.0083299 -0.0574044 -0.0330198 -0.1355086 -0.0292997 -0.0626849 -0.0482504 -0.0490210 -0.0193888 -0.1042249 -0.0178469 -0.1215058
0.0232535 0.0256849 0.0210874 0.0244410 0.0259869 0.0230187 0.0252849 0.0261543 0.0284360 0.0239411 0.0251678 0.0233030 0.0249603 0.0231516 0.0219630 0.0294971 -0.0525231 -0.0377151 -0.0322870 -0.0438135 -0.0503521 -0.0342486 -0.0384805 -0.0326924 0.0438045 0.0215415 0.0310631 0.0462854 0.0591957 0.0431135 0.0407574 0.8634363 0.0222068 0.0149316 0.0025332 0.0253860 0.0155666 0.0174567 0.0190554 0.0116462 0.0022893 0.0060557 0.0098660 0.0048251 0.0057368 0.0198066 0.0085354 0.0009423 -0.0406743 -0.0073901 -0.0187707 -0.0144097 -0.0160882 0.0023944 -0.0058227 -0.0171211 -0.0213732 -0.0096928 0.0022456 -0.0044214 0.0142538 0.0142297 0.0138889 -0.0001662 -0.0069290 0.0002657 -0.0060977 0.0012160 -0.0072015 0.0124522 -0.0017233 -0.0250355 -0.0240561 -0.0133457 -0.0177430 0.0023113 -0.0170878 -0.0353897 -0.0246365 -0.0647637 -0.0726735 -0.0130840 -0.0222511 -0.0133231 -0.0412251 -0.0287226 -0.1034125 -0.0297947 -0.0438070 -0.0495430 -0.0504427 -0.0184647 -0.0720380 -0.0137130 -0.0907017
0.0249559 0.0247499 0.0327267 0.0271129 0.0308347 0.0314096 0.0315468 0.0325269 0.0303320 0.0288669 0.0314047 0.0287464 0.0309065 0.0249445 0.0279640 0.0356014 -0.0567026 -0.0370781 -0.0349012 -0.0453892 -0.0551208 -0.0373271 -0.0430217 -0.0495173 0.0260935 0.0230136 0.0255035 0.0081204 0.0162204 0.0131034 0.0236182 0.0222068 0.8380703 0.0171599 0.0188218 0.0372803 0.0193285 0.0297735 0.0308976 0.0315006 0.0082786 0.0149105 0.0212844 0.0081581 0.0147468 0.0152182 0.0055823 0.0128589 -0.0426706 0.0025598 -0.0145569 -0.0233147 -0.0107484 -0.0035842 -0.0073680 -0.0189606 -0.0212477 -0.0174973 0.0185304 -0.0135871 0.0144203 0.0096169 0.0099735 0.0075148 -0.0003002 0.0049698 -0.0088946 0.0100031 -0.0093894 0.0165346 -0.0098851 -0.0294566 -0.0297568 -0.0053455 -0.0111626 -0.0079331 -0.0219198 -0.0378246 -0.0230323 -0.0767106 -0.0774806 -0.0162438 -0.0178289 -0.0101186 -0.0450563 -0.0199361 -0.1254983 -0.0203164 -0.0506195 -0.0385813 -0.0404642 -0.0172847 -0.0909171 -0.0259187 -0.0945001
0.0247793 0.0258780 0.0281416 0.0249671 0.0282809 0.0276031 0.0293691 0.0291472 0.0278350 0.0273430 0.0272880 0.0280964 0.0279217 0.0270816 0.0251104 0.0248084 -0.0258074 -0.0160070 -0.0136919 -0.0213876 -0.0259305 -0.0139394 -0.0201985 -0.0200837 0.0181302 0.0154483 0.0172598 0.0141137 0.0159735 0.0167920 0.0208971 0.0149316 0.0171599 0.9551932 0.0100196 0.0189354 0.0136102 0.0145861 0.0154173 0.0145943 0.0080190 0.0084711 0.0124238 0.0053793 0.0088970 0.0132708 0.0085406 0.0085728 -0.0259762 -0.0014956 -0.0068873 -0.0110447 -0.0055015 -0.0007030 -0.0025141 -0.0110315 -0.0138343 -0.0086884 0.0105701 -0.0043302 0.0123044 0.0084771 0.0088488 0.0031198 0.0000257 0.0047742 -0.0063767 0.0087103 -0.0050093 0.0108099 -0.0065061 -0.0177714 -0.0166702 -0.0021613 -0.0048432 -0.0039294 -0.0111666 -0.0229403 -0.0098760 -0.0513787 -0.0541792 -0.0082394 -0.0109944 -0.0035787 -0.0277881 -0.0157287 -0.0756951 -0.0138757 -0.0326791 -0.0253486 -0.0252045 -0.0088773 -0.0521885 -0.0132954 -0.0644893
0.0116071 0.0143773 0.0147779 0.0157037 0.0122979 0.0107996 0.0152742 0.0148003 0.0129710 0.0120594 0.0144279 0.0142219 0.0102084 0.0128115 0.0158757 0.0181634 -0.0241708 -0.0273222 -0.0257374 -0.0301949 -0.0335290 -0.0217621 -0.0301996 -0.0337313 0.0148545 0.0065965 0.0116012 0.0032756 0.0063776 0.0112609 0.0130814 0.0025332 0.0188218 0.0100196 0.8797948 0.0189547 0.0149767 0.0138073 0.0074064 0.0145193 -0.0018353 -0.0018728 0.0126204 -0.0086980 0.0026354 0.0017907 0.0012520 0.0020983 -0.0233269 -0.0065039 -0.0063387 -0.0167884 -0.0055773 -0.0022573 -0.0065243 -0.0135920 -0.0052635 -0.0014176 0.0052484 -0.0025736 0.0045475 -0.0017505 -0.0019585 0.0015177 -0.0054115 0.0013242 -0.0112453 0.0031138 -0.0078265 0.0117139 -0.0061512 -0.0151866 -0.0224765 -0.0060747 -0.0102798 -0.0046536 -0.0071079 -0.0181062 -0.0047634 -0.0491468 -0.0496231 -0.0064012 -0.0027490 -0.0006850 -0.0206617 -0.0154069 -0.0733088 -0.0171304 -0.0231008 -0.0289392 -0.0293671 -0.0087064 -0.0541611 -0.0082978 -0.0582311
0.0302606 0.0318059 0.0376952 0.0311830 0.0370735 0.0327743 0.0369959 0.0386656 0.0372723 0.0372273 0.0379767 0.0384379 0.0375833 0.0363873 0.0325737 0.0371037 -0.0518872 -0.0390586 -0.0261880 -0.0437541 -0.0511000 -0.0303049 -0.0473600 -0.0401535 0.0286516 0.0266113 0.0218727 0.0198711 0.0205542 0.0234837 0.0338924 0.0253860 0.0372803 0.0189354 0.0189547 0.8507478 0.0281488 0.0249765 0.0298470 0.0264994 0.0089870 0.0099512 0.0220778 0.0048695 0.0109802 0.0182390 0.0126129 0.0048172 -0.0412580 -0.0021626 -0.0145306 -0.0233368 -0.0067247 -0.0028874 -0.0106788 -0.0102467 -0.0275222 -0.0195932 0.0178691 -0.0128682 0.0174321 0.0145999 0.0136909 0.0027565 0.0040710 0.0109436 -0.0134068 0.0068528 -0.0086228 0.0228670 -0.0157582 -0.0289237 -0.0271537 -0.0103493 -0.0100538 -0.0084788 -0.0222503 -0.0382766 -0.0209032 -0.0903713 -0.0916023 -0.0131623 -0.0175042 -0.0111902 -0.0485816 -0.0329775 -0.1297071 -0.0260688 -0.0604807 -0.0482016 -0.0483615 -0.0194222 -0.0956357 -0.0289535 -0.1150742
0.0211548 0.0195765 0.0241997 0.0221194 0.0229536 0.0174686 0.0185809 0.0223222 0.0242409 0.0199055 0.0250455 0.0229997 0.0240454 0.0233515 0.0205490 0.0228419 -0.0325124 -0.0269290 -0.0293777 -0.0241145 -0.0452443 -0.0294386 -0.0388671 -0.0312629 0.0162145 0.0132688 0.0187062 0.0162485 0.0136322 0.0178468 0.0236630 0.0155666 0.0193285 0.0136102 0.0149767 0.0281488 0.8612384 0.0176685 0.0256676 0.0190175 -0.0014630 0.0002085 0.0128528 -0.0018409 0.0108502 0.0090839 0.0001895 0.0025709 -0.0332360 -0.0063322 -0.0119314 -0.0107809 -0.0114702 -0.0003760 -0.0006031 -0.0234335 -0.0218663 -0.0142472 0.0139337 -0.0052128 0.0078667 0.0030265 0.0042477 -0.0012696 0.0051538 0.0016674 -0.0088861 0.0033124 -0.0057691 0.0184335 -0.0101119 -0.0196804 -0.0204876 -0.0051180 -0.0050599 -0.0046722 -0.0141966 -0.0339461 -0.0191259 -0.0786670 -0.0803008 -0.0134131 -0.0202514 -0.0035293 -0.0313295 -0.0254849 -0.0993468 -0.0132374 -0.0358483 -0.0357107 -0.0352480 -0.0136501 -0.0746211 -0.0159452 -0.0852811
0.0218848 0.0252962 0.0224508 0.0266620 0.0260825 0.0220038 0.0242953 0.0247067 0.0262164 0.0247215 0.0249102 0.0233929 0.0260293 0.0227486 0.0267712 0.0265407 -0.0346767 -0.0314921 -0.0301112 -0.0379561 -0.0403765 -0.0248258 -0.0348656 -0.0309270 0.0185048 0.0144526 0.0145652 0.0120578 0.0180657 0.0273993 0.0251333 0.0174567 0.0297735 0.0145861 0.0138073 0.0249765 0.0176685 0.8692220 0.0229137 0.0261836 0.0025675 0.0113260 0.0209794 0.0037311 0.0062519 0.0143951 0.0094085 0.0037946 -0.0358615 -0.0010310 -0.0098447 -0.0115513 -0.0092578 -0.0054365 -0.0007685 -0.0154660 -0.0221101 -0.0117594 0.0107065 -0.0148722 0.0112326 0.0053447 0.0054477 0.0017944 -0.0050077 0.0069111 -0.0079988 0.0036674 -0.0025340 0.0202036 -0.0105672 -0.0306142 -0.0203337 -0.0038665 -0.0093980 -0.0110735 -0.0197714 -0.0229990 -0.0141174 -0.0709833 -0.0838890 -0.0107920 -0.0191578 -0.0015543 -0.0331700 -0.0289831 -0.1016361 -0.0190396 -0.0406601 -0.0287709 -0.0294063 -0.0188157 -0.0771258 -0.0201869 -0.0888774
0.0246506 0.0241439 0.0277676 0.0266974 0.0310128 0.0208547 0.0269422 0.0279485 0.0257819 0.0287453 0.0289246 0.0261658 0.0278857 0.0232702 0.0254564 0.0261712 -0.0444782 -0.0349474 -0.0325033 -0.0389362 -0.0464409 -0.0367900 -0.0451306 -0.0382980 0.0140935 0.0163536 0.0184639 0.0142850 0.0171827 0.0137730 0.0264116 0.0190554 0.0308976 0.0154173 0.0074064 0.0298470 0.0256676 0.0229137 0.8481733 0.0228210 0.0023037 0.0041595 0.0124709 0.0088672 0.0052808 0.0228160 0.0074614 0.0116593 -0.0457976 -0.0001127 -0.0102136 -0.0090201 -0.0114275 -0.0034856 0.0032622 -0.0134154 -0.0169267 -0.0213430 0.0123049 -0.0174575 0.0152396 0.0066654 0.0059918 0.0073983 0.0022599 0.0046030 -0.0143201 0.0096687 -0.0113115 0.0065226 -0.0151207 -0.0298512 -0.0291036 -0.0058526 -0.0080209 -0.0107843 -0.0105354 -0.0378401 -0.0141394 -0.0652111 -0.0731070 -0.0175702 -0.0238256 -0.0017516 -0.0453839 -0.0212660 -0.1159204 -0.0242233 -0.0527752 -0.0322580 -0.0332693 -0.0122471 -0.0823388 -0.0281681 -0.0871460
