0.2044578 0.7937546 0.0017875
0.2317513 0.7681465 0.0001022
0.1774131 0.8224847 0.0001021
0.2766340 0.7232637 0.0001022
0.1544875 0.8454104 0.0001021
0.1584673 0.8414305 0.0001022
0.1426683 0.8572297 0.0001020
0.1399209 0.8599771 0.0001020
0.1275712 0.8723266 0.0001022
0.1426749 0.8572229 0.0001022
0.1190127 0.8808851 0.0001022
0.1153284 0.8845695 0.0001021
0.1420547 0.8578432 0.0001021
0.1424385 0.8574593 0.0001022
0.2760221 0.7238756 0.0001023
0.2579689 0.7419288 0.0001023
0.0001009 0.4472920 0.5526071
0.0001011 0.5431945 0.4567044
0.0001013 0.5681818 0.4317169
0.0000996 0.5083124 0.4915879
0.0000987 0.4610164 0.5388849
0.0000996 0.5757690 0.4241315
0.0000996 0.5111691 0.4887313
0.0001003 0.5070182 0.4928814
0.7324178 0.2674804 0.0001018
0.7322541 0.2544371 0.0133088
0.7271404 0.2727577 0.0001019
0.7472798 0.2402600 0.0124602
0.7834516 0.2164466 0.0001019
0.8463827 0.1535156 0.0001016
0.8145416 0.1853569 0.0001015
0.8183920 0.1815062 0.0001018
0.7962057 0.2036925 0.0001018
0.6615075 0.2654885 0.0730040
0.7264674 0.2002391 0.0732934
0.7500146 0.2498836 0.0001018
0.7596349 0.2262558 0.0141093
0.7795511 0.2079967 0.0124522
0.7661822 0.2321320 0.0016859
0.7748483 0.2110611 0.0140906
0.5635311 0.3222127 0.1142561
0.7042676 0.2166122 0.0791202
0.8131607 0.1536660 0.0331732
0.6367334 0.2367488 0.1265178
0.5781423 0.3224096 0.0994481
0.7248589 0.2492562 0.0258849
0.6981032 0.2182621 0.0836346
0.9581226 0.0078740 0.0340034
0.4351551 0.0774783 0.4873665
0.6546098 0.1461036 0.1992866
0.6055392 0.1242743 0.2701865
0.5353899 0.1476264 0.3169838
0.6699953 0.0917298 0.2382749
0.5933117 0.2100725 0.1966158
0.7304227 0.0757186 0.1938586
0.5700687 0.1181627 0.3117687
0.6240571 0.0473709 0.3285719
0.6133365 0.1078857 0.2787777
0.9103414 0.0606605 0.0289981
0.6830829 0.1045373 0.2123798
0.9508044 0.0424505 0.0067452
0.9783834 0.0001011 0.0215155
0.9768244 0.0001011 0.0230745
0.7726659 0.0992892 0.1280449
0.7923466 0.0507442 0.1569091
0.7378044 0.1475430 0.1146526
0.7435690 0.0302422 0.2261888
0.9449311 0.0208220 0.0342469
0.8086188 0.0001016 0.1912795
0.7508007 0.2030219 0.0461774
0.7372535 0.0251855 0.2375610
0.5698898 0.0479706 0.3821397
0.6026748 0.0314327 0.3658926
0.5879372 0.1941604 0.2179024
0.6695700 0.0969586 0.2334713
0.6544443 0.1189807 0.2265749
0.5829439 0.1069702 0.3100859
0.5217217 0.0374160 0.4408624
0.5478042 0.1466669 0.3055289
0.2621718 0.0001008 0.7377274
0.2378539 0.0001007 0.7620454
0.7182170 0.0189890 0.2627940
0.6248249 0.0671614 0.3080137
0.6803185 0.1004832 0.2191983
0.5256591 0.0001016 0.4742392
0.6127425 0.0329823 0.3542752
0.0001002 0.0001002 0.9997996
0.6161746 0.0387748 0.3450506
0.4514919 0.0001023 0.5484058
0.6070567 0.0000995 0.3928437
0.6077722 0.0000996 0.3921282
0.6605885 0.0591040 0.2803076
0.1644258 0.0363586 0.7992156
0.6547769 0.0234113 0.3218117
0.1169663 0.0001009 0.8829328
