0.8737875 0.1315882 0.0975581 0.1187872 0.0993664 0.0947763 0.0982439 0.1029569 0.1007474 0.0926901 0.0980012 0.1024095 0.0896541 0.0898876 0.0829742 0.0849798 -0.0063720 0.0114927 0.0144127 0.0031927 0.0009226 0.0254905 0.0062023 0.0108916 0.0168322 0.0121967 0.0149152 0.0015281 0.0069069 -0.0018105 0.0092644 0.0028762 0.0072825 0.0121726 -0.0012553 0.0139848 0.0071999 0.0044919 0.0103269 0.0023520 0.0055341 -0.0027810 -0.0054181 -0.0044140 0.0123428 0.0067618 -0.0003512 -0.0219784 -0.0596151 -0.0217308 -0.0313100 -0.0341352 -0.0357230 -0.0149159 -0.0311971 -0.0348359 -0.0472251 -0.0364645 -0.0165204 -0.0296072 -0.0163740 -0.0307384 -0.0302269 -0.0162047 -0.0336670 -0.0126658 -0.0389650 -0.0216032 -0.0438260 -0.0006693 -0.0382596 -0.0523619 -0.0531655 -0.0172551 -0.0343633 -0.0310547 -0.0352184 -0.0571495 -0.0331916 -0.1061153 -0.1092612 -0.0464037 -0.0443643 -0.0284710 -0.0722581 -0.0553165 -0.1330240 -0.0491866 -0.0743045 -0.0810243 -0.0804351 -0.0393598 -0.0922638 -0.0449282 -0.1263096
0.1315882 0.8616232 0.0906786 0.1231969 0.0963613 0.0933407 0.0970447 0.0996277 0.0986615 0.0930073 0.0985590 0.0988596 0.0919958 0.0894810 0.0794266 0.0872050 -0.0193082 0.0065848 0.0082908 -0.0010463 -0.0096724 0.0158236 0.0004570 -0.0047912 0.0192549 0.0111885 0.0177751 0.0088928 0.0107706 0.0072420 0.0126428 0.0077886 0.0090137 0.0144902 0.0028217 0.0175156 0.0074761 0.0098137 0.0116488 0.0087429 0.0054977 0.0016646 -0.0033004 -0.0032285 0.0098904 0.0101241 -0.0023472 -0.0238095 -0.0612377 -0.0150706 -0.0323863 -0.0364853 -0.0331848 -0.0158178 -0.0302647 -0.0340640 -0.0490458 -0.0359965 -0.0104524 -0.0271965 -0.0132099 -0.0232742 -0.0232066 -0.0152024 -0.0276692 -0.0101200 -0.0351181 -0.0205237 -0.0421074 0.0030983 -0.0404096 -0.0556876 -0.0515849 -0.0196123 -0.0327485 -0.0251998 -0.0359017 -0.0586364 -0.0317695 -0.1140986 -0.1145802 -0.0457760 -0.0448664 -0.0313011 -0.0774595 -0.0528798 -0.1420427 -0.0456174 -0.0773443 -0.0806829 -0.0805464 -0.0374581 -0.1008862 -0.0421401 -0.1322299
0.0975581 0.0906786 0.8648165 0.0886637 0.1430687 0.1364837 0.1575736 0.1431603 0.1071816 0.1004217 0.1021534 0.1025803 0.1003468 0.0971505 0.0910423 0.0899322 -0.0124935 0.0064265 0.0153583 -0.0014237 -0.0050330 0.0200083 0.0040055 0.0004692 0.0163807 0.0105746 0.0208032 0.0098287 0.0071689 0.0053274 0.0150635 0.0003174 0.0143271 0.0149200 0.0013047 0.0209823 0.0097935 0.0045093 0.0131729 0.0113351 0.0091566 -0.0012635 -0.0035423 -0.0047981 0.0132188 0.0113517 -0.0025988 -0.0246933 -0.0649795 -0.0212947 -0.0302699 -0.0406961 -0.0336287 -0.0156500 -0.0337791 -0.0370524 -0.0488067 -0.0391027 -0.0189865 -0.0321718 -0.0164053 -0.0315372 -0.0291395 -0.0203964 -0.0361763 -0.0184902 -0.0411687 -0.0224569 -0.0487520 -0.0022859 -0.0432916 -0.0554735 -0.0572782 -0.0158993 -0.0307480 -0.0314433 -0.0406800 -0.0631911 -0.0332353 -0.1207334 -0.1255456 -0.0476534 -0.0438249 -0.0343167 -0.0824827 -0.0534306 -0.1477110 -0.0580447 -0.0833743 -0.0835491 -0.0834722 -0.0435589 -0.1048450 -0.0529422 -0.1390112
0.1187872 0.1231969 0.0886637 0.8753628 0.0903698 0.0873794 0.0902037 0.0958802 0.0935676 0.0848884 0.0921187 0.0895022 0.0844370 0.0836841 0.0783882 0.0812737 -0.0183844 0.0015655 0.0059602 -0.0082115 -0.0128990 0.0088289 -0.0035246 -0.0024091 0.0200473 0.0120536 0.0206779 0.0129270 0.0150115 0.0080827 0.0178776 0.0080990 0.0126933 0.0152858 0.0052301 0.0182985 0.0110294 0.0129321 0.0152206 0.0090207 0.0092171 0.0026118 0.0066213 -0.0015201 0.0138518 0.0103007 0.0019150 -0.0167968 -0.0586826 -0.0165739 -0.0261543 -0.0365420 -0.0311626 -0.0159016 -0.0237678 -0.0332124 -0.0465742 -0.0336346 -0.0086302 -0.0212418 -0.0114846 -0.0224359 -0.0206616 -0.0118751 -0.0232988 -0.0109764 -0.0378048 -0.0137987 -0.0403172 0.0063379 -0.0377045 -0.0506296 -0.0535322 -0.0145813 -0.0294670 -0.0254745 -0.0357771 -0.0557364 -0.0313577 -0.1129017 -0.1146953 -0.0428856 -0.0370505 -0.0273541 -0.0760156 -0.0530798 -0.1434374 -0.0445358 -0.0782566 -0.0759447 -0.0763946 -0.0346121 -0.1017805 -0.0432244 -0.1312110
0.0993664 0.0963613 0.1430687 0.0903698 0.8872926 0.1537449 0.1581203 0.1554304 0.1114743 0.1019220 0.1069770 0.1067229 0.1043646 0.1027761 0.0867627 0.0926769 -0.0112917 0.0142005 0.0161226 0.0044589 -0.0002665 0.0278167 0.0077400 0.0063134 0.0200197 0.0110804 0.0193031 0.0058126 0.0063535 0.0019146 0.0146806 0.0027643 0.0101331 0.0142126 -0.0025909 0.0186449 0.0066403 0.0061792 0.0142707 0.0069780 0.0132542 -0.0001642 -0.0059045 -0.0027949 0.0121164 0.0072026 -0.0023438 -0.0287873 -0.0629084 -0.0212652 -0.0354392 -0.0361512 -0.0360744 -0.0136453 -0.0347770 -0.0390703 -0.0505986 -0.0403158 -0.0204174 -0.0374444 -0.0195074 -0.0315330 -0.0315312 -0.0217236 -0.0324253 -0.0151870 -0.0436911 -0.0267988 -0.0482517 0.0021909 -0.0444888 -0.0578565 -0.0625673 -0.0152841 -0.0315139 -0.0317285 -0.0401618 -0.0640458 -0.0344677 -0.1240356 -0.1271378 -0.0487063 -0.0471085 -0.0374195 -0.0811398 -0.0548099 -0.1457986 -0.0566837 -0.0839941 -0.0874793 -0.0874538 -0.0429432 -0.1066581 -0.0553877 -0.1362111
0.0947763 0.0933407 0.1364837 0.0873794 0.1537449 0.8745595 0.1490087 0.1486315 0.1095825 0.0987936 0.1041945 0.1040847 0.0995428 0.0973469 0.0860215 0.0928751 -0.0098240 0.0120072 0.0127844 0.0031450 0.0020055 0.0261440 0.0094431 0.0063005 0.0182052 0.0117230 0.0188828 0.0093836 0.0096390 0.0034985 0.0103025 0.0008611 0.0118886 0.0134344 -0.0035159 0.0149631 0.0022774 0.0027583 0.0052533 0.0059359 0.0112682 -0.0002303 -0.0037997 -0.0035127 0.0126101 0.0087185 -0.0011341 -0.0322645 -0.0616971 -0.0237601 -0.0367644 -0.0351788 -0.0356029 -0.0152423 -0.0370295 -0.0348964 -0.0551836 -0.0413109 -0.0210793 -0.0340496 -0.0182236 -0.0339441 -0.0322610 -0.0195910 -0.0339119 -0.0146563 -0.0439608 -0.0293250 -0.0456478 -0.0020363 -0.0460660 -0.0575293 -0.0600419 -0.0155913 -0.0344094 -0.0315353 -0.0378603 -0.0645389 -0.0325913 -0.1180704 -0.1234548 -0.0481592 -0.0445348 -0.0353534 -0.0794513 -0.0518220 -0.1412832 -0.0559816 -0.0788410 -0.0898513 -0.0897029 -0.0417390 -0.1001969 -0.0548029 -0.1291267
0.0982439 0.0970447 0.1575736 0.0902037 0.1581203 0.1490087 0.8667716 0.1609432 0.1108254 0.1057037 0.1094134 0.1104051 0.1035432 0.1028033 0.0871283 0.0944199 -0.0158635 0.0109237 0.0175189 0.0064264 -0.0035806 0.0244047 0.0053294 0.0026244 0.0169886 0.0121771 0.0193936 0.0081290 0.0070466 0.0044505 0.0121618 0.0032709 0.0123583 0.0148640 0.0009976 0.0192830 0.0036745 0.0051930 0.0114308 0.0111646 0.0115042 0.0004540 -0.0055183 -0.0054181 0.0095061 0.0073382 -0.0044555 -0.0298276 -0.0650203 -0.0230427 -0.0352091 -0.0413542 -0.0375926 -0.0164787 -0.0403269 -0.0387248 -0.0503371 -0.0412320 -0.0224256 -0.0390819 -0.0211705 -0.0336559 -0.0338202 -0.0188544 -0.0330105 -0.0141111 -0.0422444 -0.0261327 -0.0522762 -0.0018376 -0.0478268 -0.0604908 -0.0612627 -0.0177660 -0.0329896 -0.0292238 -0.0399993 -0.0644129 -0.0359281 -0.1235220 -0.1280869 -0.0494882 -0.0452088 -0.0383825 -0.0836831 -0.0549517 -0.1519931 -0.0577715 -0.0879758 -0.0877480 -0.0898900 -0.0436446 -0.1090194 -0.0584716 -0.1441015
0.1029569 0.0996277 0.1431603 0.0958802 0.1554304 0.1486315 0.1609432 0.8810056 0.1161197 0.1067923 0.1117187 0.1161646 0.1037903 0.1051580 0.0937129 0.0959957 -0.0111162 0.0115874 0.0195023 0.0061082 -0.0000347 0.0260134 0.0083847 -0.0000922 0.0171117 0.0151685 0.0194228 0.0089197 0.0067418 -0.0004401 0.0130001 0.0030019 0.0120262 0.0147775 -0.0002307 0.0200333 0.0063815 0.0045509 0.0114344 0.0084742 0.0140185 -0.0010102 -0.0046103 -0.0031063 0.0108751 0.0123933 -0.0018994 -0.0276581 -0.0660873 -0.0219817 -0.0386994 -0.0358901 -0.0396839 -0.0156561 -0.0350433 -0.0397445 -0.0537258 -0.0453553 -0.0220462 -0.0348602 -0.0201110 -0.0345860 -0.0336230 -0.0225213 -0.0368294 -0.0135912 -0.0469272 -0.0279436 -0.0493489 0.0025722 -0.0469550 -0.0574492 -0.0613948 -0.0146055 -0.0347537 -0.0316131 -0.0392603 -0.0670853 -0.0373743 -0.1264740 -0.1297482 -0.0517851 -0.0465086 -0.0362581 -0.0818634 -0.0566817 -0.1521552 -0.0533950 -0.0856223 -0.0909720 -0.0918805 -0.0448001 -0.1095019 -0.0551979 -0.1387294
0.1007474 0.0986615 0.1071816 0.0935676 0.1114743 0.1095825 0.1108254 0.1161197 0.9132770 0.1426436 0.1561616 0.1456212 0.1446627 0.1400425 0.0977276 0.1035800 -0.0027173 0.0213952 0.0245541 0.0160874 0.0077325 0.0310975 0.0178764 0.0150261 0.0185185 0.0108215 0.0170862 0.0085771 0.0057124 0.0009516 0.0101270 0.0015515 0.0063892 0.0125755 -0.0041631 0.0163371 0.0055186 0.0034689 0.0063477 0.0032682 0.0116352 -0.0044411 -0.0082843 -0.0005842 0.0151340 0.0088884 -0.0003762 -0.0298128 -0.0609822 -0.0226813 -0.0325793 -0.0411285 -0.0403330 -0.0172512 -0.0316070 -0.0391626 -0.0550430 -0.0381576 -0.0252047 -0.0341396 -0.0225481 -0.0364859 -0.0355935 -0.0229763 -0.0361942 -0.0132014 -0.0450983 -0.0274058 -0.0501112 0.0006672 -0.0478321 -0.0581843 -0.0554846 -0.0182969 -0.0351879 -0.0349306 -0.0474341 -0.0641689 -0.0337190 -0.1210363 -0.1226894 -0.0508594 -0.0507956 -0.0350562 -0.0854793 -0.0580029 -0.1389546 -0.0540231 -0.0846346 -0.0972516 -0.0952956 -0.0446397 -0.1052996 -0.0545300 -0.1363634
0.0926901 0.0930073 0.1004217 0.0848884 0.1019220 0.0987936 0.1057037 0.1067923 0.1426436 0.8841844 0.1439638 0.1460496 0.1538015 0.1406324 0.0909705 0.0971305 -0.0110994 0.0163600 0.0160359 0.0102879 -0.0001056 0.0266248 0.0102004 0.0079526 0.0146139 0.0125524 0.0155250 0.0076647 0.0039100 -0.0001462 0.0055768 0.0001807 0.0080425 0.0126903 -0.0031385 0.0183827 0.0035100 0.0042732 0.0121425 0.0059663 0.0059785 -0.0046948 -0.0064506 -0.0008938 0.0131865 0.0069862 -0.0036721 -0.0265173 -0.0646830 -0.0207153 -0.0337881 -0.0364908 -0.0393870 -0.0138340 -0.0351024 -0.0357225 -0.0503608 -0.0391476 -0.0237402 -0.0321201 -0.0215622 -0.0340727 -0.0338592 -0.0242604 -0.0339474 -0.0144817 -0.0452643 -0.0255347 -0.0495057 -0.0031795 -0.0475542 -0.0566562 -0.0561001 -0.0202174 -0.0361322 -0.0297570 -0.0412343 -0.0640910 -0.0350327 -0.1167986 -0.1189156 -0.0498646 -0.0459920 -0.0329174 -0.0841683 -0.0541399 -0.1393390 -0.0544882 -0.0812904 -0.0911142 -0.0920521 -0.0422830 -0.1020372 -0.0541285 -0.1336216
0.0980012 0.0985590 0.1021534 0.0921187 0.1069770 0.1041945 0.1094134 0.1117187 0.1561616 0.1439638 0.9147475 0.1608654 0.1470903 0.1453971 0.0991049 0.1012719 -0.0020184 0.0207544 0.0277365 0.0157957 0.0110065 0.0335130 0.0205800 0.0130935 0.0152895 0.0080435 0.0147316 0.0092091 0.0050866 -0.0036745 0.0070896 -0.0021741 0.0065485 0.0113765 -0.0032246 0.0162863 0.0058040 0.0014701 0.0091879 0.0030541 0.0115744 -0.0053408 -0.0090326 -0.0024189 0.0126189 0.0084463 -0.0049627 -0.0324122 -0.0613458 -0.0243301 -0.0322349 -0.0380243 -0.0400888 -0.0161029 -0.0340189 -0.0398612 -0.0560979 -0.0366400 -0.0239502 -0.0329110 -0.0268313 -0.0411175 -0.0417404 -0.0234074 -0.0388459 -0.0169071 -0.0450212 -0.0303509 -0.0536234 -0.0045406 -0.0476660 -0.0580257 -0.0578748 -0.0198990 -0.0353382 -0.0349765 -0.0444074 -0.0640024 -0.0370689 -0.1164570 -0.1183797 -0.0526755 -0.0456883 -0.0357973 -0.0848030 -0.0578920 -0.1342189 -0.0547720 -0.0866460 -0.0928766 -0.0924989 -0.0416766 -0.1030077 -0.0537010 -0.1341459
0.1024095 0.0988596 0.1025803 0.0895022 0.1067229 0.1040847 0.1104051 0.1161646 0.1456212 0.1460496 0.1608654 0.8975919 0.1481974 0.1429095 0.0934040 0.1023642 -0.0077155 0.0205606 0.0221361 0.0111847 0.0033537 0.0309559 0.0184029 0.0109312 0.0131137 0.0073647 0.0135401 0.0052830 0.0036340 -0.0007824 0.0064630 -0.0020348 0.0060565 0.0121789 -0.0022704 0.0180990 0.0051852 0.0014109 0.0077898 0.0000177 0.0109447 -0.0061613 -0.0031937 -0.0039597 0.0163578 0.0054491 -0.0020894 -0.0318901 -0.0677193 -0.0241468 -0.0318839 -0.0379680 -0.0375929 -0.0127248 -0.0358956 -0.0403999 -0.0551397 -0.0342679 -0.0226958 -0.0382468 -0.0248348 -0.0376663 -0.0379879 -0.0265395 -0.0363151 -0.0170149 -0.0427811 -0.0298256 -0.0499204 -0.0012607 -0.0454530 -0.0589173 -0.0587391 -0.0248064 -0.0396335 -0.0326841 -0.0454557 -0.0665955 -0.0323839 -0.1172767 -0.1191101 -0.0518306 -0.0483678 -0.0383546 -0.0873282 -0.0579587 -0.1364058 -0.0539103 -0.0854047 -0.0951800 -0.0940608 -0.0459511 -0.1012677 -0.0530165 -0.1375196
0.0896541 0.0919958 0.1003468 0.0844370 0.1043646 0.0995428 0.1035432 0.1037903 0.1446627 0.1538015 0.1470903 0.1481974 0.8863592 0.1482049 0.0941119 0.0985154 -0.0141977 0.0152005 0.0181274 0.0059873 -0.0025790 0.0275200 0.0110497 0.0057400 0.0165851 0.0089865 0.0203002 0.0083390 0.0073196 0.0008912 0.0106134 0.0018487 0.0101835 0.0133091 -0.0048653 0.0192362 0.0079874 0.0059218 0.0113301 0.0033155 0.0067473 -0.0057102 -0.0079649 0.0024051 0.0120881 0.0060813 0.0002706 -0.0296553 -0.0642433 -0.0212245 -0.0359554 -0.0327388 -0.0346501 -0.0193265 -0.0322836 -0.0390059 -0.0531206 -0.0384125 -0.0186365 -0.0342406 -0.0198137 -0.0357708 -0.0338559 -0.0280519 -0.0329009 -0.0128600 -0.0447616 -0.0275447 -0.0489328 -0.0005239 -0.0459773 -0.0558728 -0.0594140 -0.0186003 -0.0353253 -0.0310068 -0.0426967 -0.0642276 -0.0321760 -0.1221745 -0.1210885 -0.0516672 -0.0485314 -0.0365835 -0.0865653 -0.0575466 -0.1419764 -0.0555100 -0.0849775 -0.0922444 -0.0926941 -0.0437182 -0.1056227 -0.0542507 -0.1365784
0.0898876 0.0894810 0.0971505 0.0836841 0.1027761 0.0973469 0.1028033 0.1051580 0.1400425 0.1406324 0.1453971 0.1429095 0.1482049 0.8869008 0.0928949 0.0895750 -0.0055704 0.0190999 0.0236577 0.0073567 0.0005995 0.0294286 0.0125362 0.0109364 0.0166745 0.0064231 0.0147286 0.0081119 0.0060431 -0.0014730 0.0053619 -0.0005125 0.0041607 0.0122755 -0.0025419 0.0174715 0.0070442 0.0025959 0.0064791 0.0074963 0.0099143 -0.0048601 -0.0048584 -0.0004148 0.0116006 0.0095430 -0.0016673 -0.0266357 -0.0625887 -0.0228231 -0.0336905 -0.0399288 -0.0384812 -0.0195578 -0.0325894 -0.0352809 -0.0551344 -0.0386543 -0.0215243 -0.0326011 -0.0216898 -0.0374252 -0.0366867 -0.0211958 -0.0359705 -0.0133567 -0.0430245 -0.0251033 -0.0469407 -0.0034477 -0.0457178 -0.0579394 -0.0564813 -0.0177721 -0.0349220 -0.0292219 -0.0401463 -0.0619073 -0.0338725 -0.1185733 -0.1158531 -0.0526886 -0.0447207 -0.0341592 -0.0863501 -0.0533789 -0.1379650 -0.0524349 -0.0861929 -0.0907539 -0.0902238 -0.0398623 -0.1035906 -0.0454920 -0.1338187
0.0829742 0.0794266 0.0910423 0.0783882 0.0867627 0.0860215 0.0871283 0.0937129 0.0977276 0.0909705 0.0991049 0.0934040 0.0941119 0.0928949 0.8695975 0.0857519 -0.0160433 0.0047717 0.0091936 -0.0080557 -0.0126378 0.0175284 -0.0016604 -0.0047013 0.0179706 0.0136242 0.0226223 0.0125958 0.0111687 0.0088404 0.0188169 0.0056215 0.0134066 0.0151127 0.0054063 0.0195211 0.0095364 0.0128021 0.0137785 0.0134424 0.0044780 0.0019093 -0.0004533 0.0022502 0.0136121 0.0140455 -0.0022903 -0.0150263 -0.0577688 -0.0153346 -0.0260969 -0.0341969 -0.0294433 -0.0115734 -0.0237403 -0.0312584 -0.0438472 -0.0289516 -0.0090084 -0.0252563 -0.0115295 -0.0231059 -0.0235886 -0.0193104 -0.0274778 -0.0153096 -0.0339799 -0.0143980 -0.0421257 0.0030339 -0.0349122 -0.0488590 -0.0493183 -0.0196564 -0.0296894 -0.0284382 -0.0407562 -0.0557258 -0.0327310 -0.1083967 -0.1135319 -0.0379868 -0.0330859 -0.0272658 -0.0725728 -0.0477941 -0.1382945 -0.0469099 -0.0758113 -0.0777684 -0.0764709 -0.0373052 -0.0968431 -0.0461667 -0.1275405
0.0849798 0.0872050 0.0899322 0.0812737 0.0926769 0.0928751 0.0944199 0.0959957 0.1035800 0.0971305 0.1012719 0.1023642 0.0985154 0.0895750 0.0857519 0.8797435 -0.0208740 0.0022150 0.0067342 -0.0001459 -0.0086489 0.0192376 0.0001635 -0.0012979 0.0190240 0.0185928 0.0204717 0.0118755 0.0126474 0.0084928 0.0179614 0.0117402 0.0196048 0.0143236 0.0067392 0.0227622 0.0105538 0.0114488 0.0132782 0.0075187 0.0098301 0.0021391 0.0050919 -0.0012361 0.0118760 0.0137225 0.0035104 -0.0211053 -0.0580380 -0.0185445 -0.0263110 -0.0360476 -0.0323277 -0.0137428 -0.0301669 -0.0343029 -0.0473466 -0.0295713 -0.0141343 -0.0252471 -0.0120587 -0.0250242 -0.0243101 -0.0179648 -0.0251059 -0.0104578 -0.0354366 -0.0192112 -0.0445213 0.0021807 -0.0358934 -0.0522352 -0.0518574 -0.0131103 -0.0305570 -0.0239913 -0.0367031 -0.0604039 -0.0300153 -0.1095017 -0.1129316 -0.0405607 -0.0407933 -0.0296030 -0.0740211 -0.0520478 -0.1398976 -0.0471998 -0.0738647 -0.0824378 -0.0807194 -0.0357151 -0.0793824 -0.0513619 -0.1322360
-0.0063720 -0.0193082 -0.0124935 -0.0183844 -0.0112917 -0.0098240 -0.0158635 -0.0111162 -0.0027173 -0.0110994 -0.0020184 -0.0077155 -0.0141977 -0.0055704 -0.0160433 -0.0208740 1.1487905 0.1141546 0.1135250 0.1547583 0.1657778 0.1164088 0.1385945 0.1527702 -0.0706316 -0.0665220 -0.0704175 -0.0573006 -0.0758582 -0.0826679 -0.0926528 -0.0847684 -0.0851563 -0.0468048 -0.0466426 -0.0770626 -0.0574333 -0.0646086 -0.0690543 -0.0678184 -0.0190032 -0.0408487 -0.0709676 -0.0386186 -0.0377942 -0.0567487 -0.0388826 -0.0842813 0.0615177 -0.0308900 -0.0059351 0.0176410 -0.0308895 -0.0104775 -0.0181929 0.0043620 0.0141682 -0.0047713 -0.0822309 -0.0208769 -0.0833795 -0.0928235 -0.0920421 -0.0492036 -0.0443206 -0.0448722 -0.0331763 -0.0807572 -0.0387218 -0.0594934 -0.0276089 0.0211423 0.0166411 -0.0098703 -0.0170123 -0.0242890 0.0023679 0.0240401 0.0104096 0.1108024 0.1188149 -0.0169807 0.0050780 -0.0209031 0.0458996 0.0039720 0.2035552 0.0086474 0.0665920 -0.0091285 -0.0086499 -0.0256659 0.1360395 0.0068907 0.1620339
0.0114927 0.0065848 0.0064265 0.0015655 0.0142005 0.0120072 0.0109237 0.0115874 0.0213952 0.0163600 0.0207544 0.0205606 0.0152005 0.0190999 0.0047717 0.0022150 0.1141546 1.0716537 0.1110116 0.1279907 0.1319156 0.1159167 0.1245533 0.1172657 -0.0518100 -0.0566401 -0.0546411 -0.0522241 -0.0558362 -0.0719818 -0.0737929 -0.0691460 -0.0644826 -0.0371417 -0.0490763 -0.0630827 -0.0506402 -0.0597709 -0.0578000 -0.0602943 -0.0169248 -0.0479948 -0.0554454 -0.0297796 -0.0212011 -0.0511118 -0.0419909 -0.0734396 0.0273792 -0.0306828 -0.0092545 -0.0125436 -0.0290216 -0.0076968 -0.0400358 -0.0073252 -0.0031736 -0.0060460 -0.0688299 -0.0236711 -0.0796742 -0.0874269 -0.0869083 -0.0445215 -0.0400142 -0.0444339 -0.0341075 -0.0692348 -0.0502218 -0.0496546 -0.0336930 0.0056497 0.0001843 -0.0149021 -0.0230998 -0.0099007 -0.0096337 0.0181131 0.0028494 0.0637881 0.0680325 -0.0229786 -0.0022891 -0.0253227 0.0189676 0.0057555 0.1399311 -0.0123029 0.0310925 -0.0160831 -0.0149193 -0.0162244 0.0986976 -0.0168632 0.1143736
0.0144127 0.0082908 0.0153583 0.0059602 0.0161226 0.0127844 0.0175189 0.0195023 0.0245541 0.0160359 0.0277365 0.0221361 0.0181274 0.0236577 0.0091936 0.0067342 0.1135250 0.1110116 1.0658495 0.1257371 0.1380040 0.1109594 0.1189637 0.1144302 -0.0511597 -0.0460356 -0.0448450 -0.0504961 -0.0536759 -0.0701738 -0.0656553 -0.0637286 -0.0622518 -0.0347976 -0.0472468 -0.0507040 -0.0523562 -0.0585771 -0.0555453 -0.0528849 -0.0221987 -0.0422676 -0.0576344 -0.0296774 -0.0113593 -0.0449904 -0.0409227 -0.0682705 0.0329928 -0.0244765 -0.0096623 -0.0096767 -0.0213303 -0.0127085 -0.0327930 0.0015202 -0.0148294 -0.0143249 -0.0676459 -0.0186535 -0.0788387 -0.0797638 -0.0806049 -0.0407982 -0.0439982 -0.0454361 -0.0351061 -0.0640463 -0.0572059 -0.0479407 -0.0389767 -0.0076922 -0.0079232 -0.0136665 -0.0246030 -0.0189562 -0.0086788 0.0052227 -0.0045284 0.0609146 0.0733450 -0.0294181 -0.0022110 -0.0341267 0.0116529 -0.0029805 0.1243843 -0.0100619 0.0101471 -0.0183268 -0.0197286 -0.0192931 0.0884529 -0.0174315 0.0926640
0.0031927 -0.0010463 -0.0014237 -0.0082115 0.0044589 0.0031450 0.0064264 0.0061082 0.0160874 0.0102879 0.0157957 0.0111847 0.0059873 0.0073567 -0.0080557 -0.0001459 0.1547583 0.1279907 0.1257371 1.1385952 0.1508437 0.1412895 0.1647556 0.1373319 -0.0630764 -0.0603305 -0.0649441 -0.0615689 -0.0723308 -0.0838762 -0.0880816 -0.0785291 -0.0759642 -0.0452391 -0.0544046 -0.0708742 -0.0507841 -0.0695910 -0.0646701 -0.0679405 -0.0337479 -0.0540904 -0.0720873 -0.0367372 -0.0295613 -0.0658455 -0.0558252 -0.0746495 0.0467545 -0.0225802 -0.0020894 0.0095145 -0.0136625 -0.0143620 -0.0363997 -0.0152813 -0.0051630 -0.0025068 -0.0788355 -0.0145870 -0.0871723 -0.0935664 -0.0925083 -0.0547692 -0.0436913 -0.0516515 -0.0348645 -0.0714601 -0.0583273 -0.0534115 -0.0398587 0.0021220 0.0029676 0.0002498 -0.0161842 -0.0297048 -0.0072861 0.0167287 -0.0040737 0.0889878 0.0748909 -0.0306043 -0.0228086 -0.0171965 0.0124793 -0.0020309 0.1802058 0.0021863 0.0507840 -0.0037392 -0.0033029 -0.0145516 0.1243873 -0.0316867 0.1397776
0.0009226 -0.0096724 -0.0050330 -0.0128990 -0.0002665 0.0020055 -0.0035806 -0.0000347 0.0077325 -0.0001056 0.0110065 0.0033537 -0.0025790 0.0005995 -0.0126378 -0.0086489 0.1657778 0.1319156 0.1380040 0.1508437 1.1911254 0.1458468 0.1607749 0.1579106 -0.0721779 -0.0642634 -0.0636120 -0.0685552 -0.0777074 -0.0988236 -0.0905454 -0.0874547 -0.0877359 -0.0504330 -0.0592222 -0.0801400 -0.0739008 -0.0739967 -0.0746101 -0.0709762 -0.0236163 -0.0544696 -0.0784698 -0.0408466 -0.0313516 -0.0659166 -0.0508991 -0.0968825 0.0629358 -0.0254207 -0.0098120 0.0211132 -0.0155249 -0.0230386 -0.0437353 -0.0008862 0.0017899 -0.0155724 -0.0927950 -0.0286610 -0.0976422 -0.0970471 -0.0967909 -0.0478911 -0.0496384 -0.0574714 -0.0358637 -0.0954826 -0.0517232 -0.0609099 -0.0288374 0.0169056 0.0095455 -0.0105055 -0.0187178 -0.0356320 0.0016303 0.0414008 -0.0012323 0.1069215 0.1146629 -0.0281738 -0.0065709 -0.0155012 0.0303368 -0.0036802 0.2131626 0.0069674 0.0668541 -0.0055976 -0.0066983 -0.0103049 0.1492070 0.0053188 0.1623998
0.0254905 0.0158236 0.0200083 0.0088289 0.0278167 0.0261440 0.0244047 0.0260134 0.0310975 0.0266248 0.0335130 0.0309559 0.0275200 0.0294286 0.0175284 0.0192376 0.1164088 0.1159167 0.1109594 0.1412895 0.1458468 1.0908135 0.1388856 0.1379186 -0.0592559 -0.0466729 -0.0540534 -0.0477912 -0.0654683 -0.0786124 -0.0752380 -0.0699901 -0.0681866 -0.0380221 -0.0461551 -0.0585748 -0.0560404 -0.0574547 -0.0628636 -0.0570762 -0.0269921 -0.0531494 -0.0624339 -0.0323497 -0.0251793 -0.0569180 -0.0477038 -0.0773610 0.0343542 -0.0327435 -0.0072765 0.0032829 -0.0132370 -0.0192327 -0.0460687 -0.0139003 -0.0183439 -0.0070082 -0.0661485 -0.0188035 -0.0886877 -0.0844208 -0.0842387 -0.0520074 -0.0591085 -0.0506253 -0.0441038 -0.0747108 -0.0580255 -0.0488110 -0.0459266 -0.0068681 -0.0096420 -0.0145117 -0.0263754 -0.0278934 -0.0098833 0.0214910 0.0149147 0.0617789 0.0562297 -0.0376011 -0.0215463 -0.0195053 0.0032389 -0.0058777 0.1296038 -0.0105442 0.0219739 -0.0190944 -0.0185874 -0.0222403 0.0932074 -0.0247384 0.0999710
0.0062023 0.0004570 0.0040055 -0.0035246 0.0077400 0.0094431 0.0053294 0.0083847 0.0178764 0.0102004 0.0205800 0.0184029 0.0110497 0.0125362 -0.0016604 0.0001635 0.1385945 0.1245533 0.1189637 0.1647556 0.1607749 0.1388856 1.1293551 0.1449364 -0.0656269 -0.0638087 -0.0649491 -0.0626363 -0.0711467 -0.0844782 -0.0791847 -0.0753414 -0.0752153 -0.0438803 -0.0549886 -0.0759517 -0.0661587 -0.0679450 -0.0724852 -0.0671769 -0.0215328 -0.0495830 -0.0686621 -0.0336365 -0.0319797 -0.0579432 -0.0509689 -0.0826676 0.0386312 -0.0235166 -0.0007360 0.0090391 -0.0197698 -0.0142438 -0.0395733 -0.0036564 -0.0127353 0.0103190 -0.0723145 -0.0198264 -0.0926700 -0.0909615 -0.0913818 -0.0578010 -0.0533191 -0.0467181 -0.0398644 -0.0799581 -0.0535213 -0.0544240 -0.0417695 0.0064369 -0.0055212 -0.0032285 -0.0266592 -0.0308596 -0.0020556 0.0177096 0.0066886 0.0951797 0.0869637 -0.0273654 -0.0120289 -0.0150239 0.0260194 0.0006376 0.1723573 0.0099822 0.0534839 -0.0132107 -0.0125625 -0.0196097 0.1212208 -0.0163066 0.1440368
0.0108916 -0.0047912 0.0004692 -0.0024091 0.0063134 0.0063005 0.0026244 -0.0000922 0.0150261 0.0079526 0.0130935 0.0109312 0.0057400 0.0109364 -0.0047013 -0.0012979 0.1527702 0.1172657 0.1144302 0.1373319 0.1579106 0.1379186 0.1449364 1.1175274 -0.0601280 -0.0487888 -0.0615428 -0.0521319 -0.0645689 -0.0792087 -0.0810445 -0.0670272 -0.0790368 -0.0424937 -0.0570775 -0.0662955 -0.0571544 -0.0617927 -0.0634686 -0.0653479 -0.0192392 -0.0493896 -0.0665321 -0.0328770 -0.0227617 -0.0544751 -0.0411361 -0.0864852 0.0347745 -0.0278211 -0.0014106 0.0156647 -0.0266064 -0.0126472 -0.0257231 -0.0071521 -0.0032156 -0.0069259 -0.0762024 -0.0318770 -0.0819068 -0.0864438 -0.0868335 -0.0561823 -0.0494300 -0.0531851 -0.0373421 -0.0828127 -0.0460174 -0.0465629 -0.0313084 0.0111553 0.0066085 -0.0153171 -0.0252390 -0.0212659 -0.0020988 0.0247626 -0.0056086 0.0836072 0.0754967 -0.0302025 -0.0120518 -0.0260580 0.0305997 -0.0066513 0.1676426 -0.0070994 0.0326171 -0.0031031 -0.0045567 -0.0227963 0.1118456 -0.0099844 0.1275772
0.0168322 0.0192549 0.0163807 0.0200473 0.0200197 0.0182052 0.0169886 0.0171117 0.0185185 0.0146139 0.0152895 0.0131137 0.0165851 0.0166745 0.0179706 0.0190240 -0.0706316 -0.0518100 -0.0511597 -0.0630764 -0.0721779 -0.0592559 -0.0656269 -0.0601280 0.8430412 0.0294784 0.0366293 0.0498008 0.0647355 0.0776902 0.0759733 0.0531032 0.0343274 0.0244750 0.0215067 0.0355575 0.0235203 0.0271583 0.0211563 0.0298934 0.0051390 0.0146414 0.0247333 0.0091486 0.0143972 0.0274782 0.0121141 0.0188791 -0.0465607 -0.0071021 -0.0178346 -0.0218191 -0.0157509 -0.0049795 -0.0080410 -0.0147836 -0.0191360 -0.0186990 0.0190995 -0.0067316 0.0199007 0.0149080 0.0168992 0.0111726 0.0041555 0.0138059 -0.0041181 0.0162844 0.0055630 0.0242479 -0.0061141 -0.0288000 -0.0306572 -0.0092085 -0.0107761 -0.0032094 -0.0227357 -0.0368932 -0.0244971 -0.0807212 -0.0948718 -0.0085497 -0.0103653 -0.0037465 -0.0483251 -0.0264437 -0.1354349 -0.0198184 -0.0563105 -0.0360800 -0.0371557 -0.0095328 -0.0996555 -0.0164312 -0.1167473
0.0121967 0.0111885 0.0105746 0.0120536 0.0110804 0.0117230 0.0121771 0.0151685 0.0108215 0.0125524 0.0080435 0.0073647 0.0089865 0.0064231 0.0136242 0.0185928 -0.0665220 -0.0566401 -0.0460356 -0.0603305 -0.0642634 -0.0466729 -0.0638087 -0.0487888 0.0294784 0.8535323 0.0695865 0.0199533 0.0395701 0.0307497 0.0409822 0.0314131 0.0314780 0.0217905 0.0134044 0.0338833 0.0207479 0.0235022 0.0236132 0.0291558 0.0037571 0.0165269 0.0191411 0.0025881 0.0067447 0.0249336 0.0138080 0.0135309 -0.0392930 0.0022384 -0.0084475 -0.0188106 -0.0005699 0.0016910 0.0069955 -0.0176327 -0.0150189 -0.0109683 0.0215368 -0.0013209 0.0339976 0.0254415 0.0259838 0.0075105 0.0064147 0.0101482 -0.0073232 0.0134912 -0.0046632 0.0142242 -0.0078117 -0.0274483 -0.0161679 -0.0052748 -0.0021253 -0.0084466 -0.0161020 -0.0370308 -0.0147151 -0.0658104 -0.0753607 -0.0012262 -0.0154513 -0.0006039 -0.0353888 -0.0138215 -0.1287322 -0.0157413 -0.0469555 -0.0296930 -0.0278626 -0.0042826 -0.0809112 -0.0194003 -0.1010175
0.0149152 0.0177751 0.0208032 0.0206779 0.0193031 0.0188828 0.0193936 0.0194228 0.0170862 0.0155250 0.0147316 0.0135401 0.0203002 0.0147286 0.0226223 0.0204717 -0.0704175 -0.0546411 -0.0448450 -0.0649441 -0.0636120 -0.0540534 -0.0649491 -0.0615428 0.0366293 0.0695865 0.8504431 0.0300804 0.0357323 0.0413896 0.0412585 0.0402349 0.0333580 0.0232291 0.0180952 0.0286077 0.0259389 0.0230707 0.0253720 0.0323124 0.0045867 0.0178648 0.0229770 0.0102350 0.0103277 0.0203996 0.0145513 0.0190093 -0.0467770 -0.0020021 -0.0204652 -0.0168649 -0.0122327 -0.0074335 -0.0033488 -0.0216134 -0.0192482 -0.0083435 0.0173070 0.0036420 0.0273752 0.0217130 0.0208770 0.0177316 0.0098948 0.0050295 -0.0030935 0.0162132 0.0009968 0.0209307 -0.0012630 -0.0306411 -0.0295948 -0.0056994 -0.0033367 -0.0026440 -0.0207630 -0.0374054 -0.0193434 -0.0847988 -0.0917161 -0.0058783 -0.0114830 -0.0049310 -0.0387912 -0.0212339 -0.1323133 -0.0236263 -0.0502257 -0.0367948 -0.0354539 -0.0078872 -0.0918075 -0.0144599 -0.1081660
0.0015281 0.0088928 0.0098287 0.0129270 0.0058126 0.0093836 0.0081290 0.0089197 0.0085771 0.0076647 0.0092091 0.0052830 0.0083390 0.0081119 0.0125958 0.0118755 -0.0573006 -0.0522241 -0.0504961 -0.0615689 -0.0685552 -0.0477912 -0.0626363 -0.0521319 0.0498008 0.0199533 0.0300804 0.8630400 0.0658018 0.0489058 0.0436641 0.0566277 0.0170485 0.0208153 0.0105246 0.0275646 0.0242820 0.0214890 0.0220101 0.0129588 0.0162923 0.0165743 0.0219003 0.0066443 0.0060643 0.0309432 0.0291862 0.0211348 -0.0434413 -0.0068073 -0.0023809 -0.0125630 -0.0024846 0.0107961 0.0034197 -0.0238208 -0.0115916 -0.0144354 0.0210044 -0.0051275 0.0259040 0.0240061 0.0228261 0.0106071 0.0060758 0.0065541 -0.0124963 0.0201991 0.0000422 0.0197387 -0.0047367 -0.0182869 -0.0096875 -0.0089124 -0.0079745 -0.0026626 -0.0181521 -0.0354984 -0.0194635 -0.0724709 -0.0726695 -0.0062386 -0.0108229 -0.0062395 -0.0401112 -0.0187849 -0.1146943 -0.0188798 -0.0573937 -0.0329402 -0.0319164 -0.0157508 -0.0871461 -0.0168199 -0.0977322
0.0069069 0.0107706 0.0071689 0.0150115 0.0063535 0.0096390 0.0070466 0.0067418 0.0057124 0.0039100 0.0050866 0.0036340 0.0073196 0.0060431 0.0111687 0.0126474 -0.0758582 -0.0558362 -0.0536759 -0.0723308 -0.0777074 -0.0654683 -0.0711467 -0.0645689 0.0647355 0.0395701 0.0357323 0.0658018 0.8599285 0.0625557 0.0546989 0.0716522 0.0270150 0.0238688 0.0148540 0.0295565 0.0228350 0.0292698 0.0260540 0.0219439 0.0095287 0.0070490 0.0237611 0.0061235 0.0065709 0.0233089 0.0127478 0.0199262 -0.0303513 -0.0040189 -0.0082546 -0.0276607 -0.0000935 0.0062309 0.0003143 -0.0184153 -0.0125931 -0.0061099 0.0242069 -0.0020935 0.0344184 0.0297762 0.0310339 0.0189592 0.0069303 0.0121552 -0.0065690 0.0186871 -0.0012190 0.0237818 -0.0027632 -0.0210442 -0.0201407 -0.0057083 -0.0070321 -0.0037985 -0.0158010 -0.0372733 -0.0146473 -0.0723775 -0.0772718 -0.0014982 -0.0150809 -0.0010327 -0.0403999 -0.0268854 -0.1285890 -0.0236192 -0.0479131 -0.0284422 -0.0290801 -0.0121145 -0.0920566 -0.0178582 -0.1039871
-0.0018105 0.0072420 0.0053274 0.0080827 0.0019146 0.0034985 0.0044505 -0.0004401 0.0009516 -0.0001462 -0.0036745 -0.0007824 0.0008912 -0.0014730 0.0088404 0.0084928 -0.0826679 -0.0719818 -0.0701738 -0.0838762 -0.0988236 -0.0786124 -0.0844782 -0.0792087 0.0776902 0.0307497 0.0413896 0.0489058 0.0625557 0.8616130 0.0780414 0.0592826 0.0269417 0.0269891 0.0223368 0.0350557 0.0297670 0.0417933 0.0256242 0.0360519 0.0046895 0.0202248 0.0346525 0.0129960 0.0130446 0.0275510 0.0219958 0.0384676 -0.0430292 -0.0035699 -0.0133894 -0.0150119 -0.0020115 0.0007779 0.0107533 -0.0176806 -0.0178947 -0.0105129 0.0239950 -0.0022881 0.0423688 0.0384395 0.0380928 0.0255034 0.0096905 0.0174838 0.0021952 0.0374067 0.0163320 0.0320102 0.0057043 -0.0265725 -0.0156659 -0.0113553 -0.0092380 0.0108955 -0.0210731 -0.0347348 -0.0194491 -0.0815733 -0.0844838 0.0046687 -0.0056828 -0.0046770 -0.0357236 -0.0160217 -0.1407600 -0.0171687 -0.0544277 -0.0274503 -0.0264068 -0.0083176 -0.0984830 -0.0122253 -0.1155322
0.0092644 0.0126428 0.0150635 0.0178776 0.0146806 0.0103025 0.0121618 0.0130001 0.0101270 0.0055768 0.0070896 0.0064630 0.0106134 0.0053619 0.0188169 0.0179614 -0.0926528 -0.0737929 -0.0656553 -0.0880816 -0.0905454 -0.0752380 -0.0791847 -0.0810445 0.0759733 0.0409822 0.0412585 0.0436641 0.0546989 0.0780414 0.8471875 0.0553045 0.0359724 0.0297954 0.0230318 0.0439865 0.0344486 0.0378954 0.0368563 0.0365147 0.0085782 0.0184350 0.0376216 0.0133864 0.0168074 0.0367902 0.0203310 0.0346853 -0.0567624 0.0030690 -0.0130985 -0.0132196 -0.0032945 0.0005468 0.0064059 -0.0151586 -0.0232892 -0.0151742 0.0390953 -0.0012532 0.0355831 0.0321708 0.0331199 0.0140532 0.0126524 0.0147358 -0.0028996 0.0331781 0.0107941 0.0356533 0.0000110 -0.0326232 -0.0224576 -0.0040924 -0.0018786 -0.0028126 -0.0211900 -0.0412256 -0.0228849 -0.0893835 -0.0999922 -0.0040040 -0.0146333 0.0012630 -0.0490759 -0.0246575 -0.1502815 -0.0209623 -0.0593079 -0.0301893 -0.0308046 -0.0092656 -0.1147067 -0.0074590 -0.1285162
0.0028762 0.0077886 0.0003174 0.0080990 0.0027643 0.0008611 0.0032709 0.0030019 0.0015515 0.0001807 -0.0021741 -0.0020348 0.0018487 -0.0005125 0.0056215 0.0117402 -0.0847684 -0.0691460 -0.0637286 -0.0785291 -0.0874547 -0.0699901 -0.0753414 -0.0670272 0.0531032 0.0314131 0.0402349 0.0566277 0.0716522 0.0592826 0.0553045 0.8650414 0.0350785 0.0242340 0.0127231 0.0362988 0.0265709 0.0305943 0.0298806 0.0236441 0.0033667 0.0152228 0.0240129 0.0104682 0.0074800 0.0296681 0.0174074 0.0242791 -0.0419594 0.0001529 -0.0134656 -0.0122072 -0.0074242 0.0062626 0.0057489 -0.0127385 -0.0137953 -0.0036702 0.0216848 0.0043177 0.0361345 0.0396470 0.0396752 0.0128183 0.0084913 0.0120089 0.0076621 0.0235717 0.0108263 0.0237423 0.0102683 -0.0197290 -0.0172829 -0.0095057 -0.0085122 0.0097276 -0.0123426 -0.0325182 -0.0219746 -0.0676955 -0.0761386 -0.0002301 -0.0145218 -0.0041757 -0.0347737 -0.0215767 -0.1223102 -0.0226124 -0.0426310 -0.0334450 -0.0339804 -0.0092339 -0.0855403 -0.0044725 -0.1016500
0.0072825 0.0090137 0.0143271 0.0126933 0.0101331 0.0118886 0.0123583 0.0120262 0.0063892 0.0080425 0.0065485 0.0060565 0.0101835 0.0041607 0.0134066 0.0196048 -0.0851563 -0.0644826 -0.0622518 -0.0759642 -0.0877359 -0.0681866 -0.0752153 -0.0790368 0.0343274 0.0314780 0.0333580 0.0170485 0.0270150 0.0269417 0.0359724 0.0350785 0.8392408 0.0256356 0.0277866 0.0468666 0.0289002 0.0412440 0.0401697 0.0417628 0.0091945 0.0229492 0.0337108 0.0130421 0.0159265 0.0236757 0.0133448 0.0329858 -0.0437364 0.0095148 -0.0096695 -0.0214116 -0.0031342 -0.0001648 0.0028089 -0.0150640 -0.0146112 -0.0115096 0.0351547 -0.0056672 0.0333190 0.0320640 0.0326524 0.0187846 0.0133442 0.0150332 0.0037165 0.0295022 0.0061199 0.0263851 0.0005742 -0.0247696 -0.0236144 -0.0016822 -0.0029557 -0.0011424 -0.0176818 -0.0349102 -0.0204949 -0.0787402 -0.0803610 -0.0047808 -0.0111195 -0.0022928 -0.0394766 -0.0140786 -0.1409201 -0.0138054 -0.0491708 -0.0246283 -0.0261769 -0.0090507 -0.1023060 -0.0176360 -0.1038032
0.0121726 0.0144902 0.0149200 0.0152858 0.0142126 0.0134344 0.0148640 0.0147775 0.0125755 0.0126903 0.0113765 0.0121789 0.0133091 0.0122755 0.0151127 0.0143236 -0.0468048 -0.0371417 -0.0347976 -0.0452391 -0.0504330 -0.0380221 -0.0438803 -0.0424937 0.0244750 0.0217905 0.0232291 0.0208153 0.0238688 0.0269891 0.0297954 0.0242340 0.0256356 0.9499453 0.0165029 0.0257059 0.0208468 0.0226202 0.0227943 0.0224227 0.0090141 0.0144724 0.0217766 0.0092468 0.0102291 0.0194834 0.0143259 0.0235257 -0.0274399 0.0034650 -0.0036154 -0.0098494 0.0003528 0.0018721 0.0049912 -0.0084046 -0.0091648 -0.0051188 0.0236026 0.0013824 0.0264909 0.0249943 0.0251570 0.0117867 0.0098383 0.0123538 0.0021517 0.0232876 0.0063454 0.0180809 0.0017010 -0.0146761 -0.0124530 0.0001432 0.0007113 0.0011797 -0.0081516 -0.0213384 -0.0082013 -0.0541026 -0.0572225 -0.0004584 -0.0063210 0.0022847 -0.0241194 -0.0112799 -0.0897881 -0.0093245 -0.0323381 -0.0150645 -0.0149258 -0.0031861 -0.0615194 -0.0074841 -0.0728404
-0.0012553 0.0028217 0.0013047 0.0052301 -0.0025909 -0.0035159 0.0009976 -0.0002307 -0.0041631 -0.0031385 -0.0032246 -0.0022704 -0.0048653 -0.0025419 0.0054063 0.0067392 -0.0466426 -0.0490763 -0.0472468 -0.0544046 -0.0592222 -0.0461551 -0.0549886 -0.0570775 0.0215067 0.0134044 0.0180952 0.0105246 0.0148540 0.0223368 0.0230318 0.0127231 0.0277866 0.0165029 0.8779504 0.0265871 0.0226554 0.0227606 0.0149104 0.0226796 -0.0009354 0.0043890 0.0224967 -0.0048672 0.0040172 0.0086676 0.0072390 0.0178224 -0.0249316 -0.0013369 -0.0027755 -0.0155330 0.0000382 0.0003102 0.0011551 -0.0108232 -0.0003194 0.0026972 0.0185327 0.0034546 0.0192598 0.0157454 0.0154847 0.0102708 0.0048491 0.0092243 -0.0019743 0.0179997 0.0040110 0.0194957 0.0020028 -0.0120913 -0.0181616 -0.0034977 -0.0042332 0.0005471 -0.0041370 -0.0165271 -0.0031133 -0.0521196 -0.0531051 0.0019399 0.0020853 0.0054380 -0.0169722 -0.0110199 -0.0875626 -0.0124702 -0.0229680 -0.0188220 -0.0190446 -0.0025507 -0.0642449 -0.0023752 -0.0667196
0.0139848 0.0175156 0.0209823 0.0182985 0.0186449 0.0149631 0.0192830 0.0200333 0.0163371 0.0183827 0.0162863 0.0180990 0.0192362 0.0174715 0.0195211 0.0227622 -0.0770626 -0.0630827 -0.0507040 -0.0708742 -0.0801400 -0.0585748 -0.0759517 -0.0662955 0.0355575 0.0338833 0.0286077 0.0275646 0.0295565 0.0350557 0.0439865 0.0362988 0.0468666 0.0257059 0.0265871 0.8513159 0.0365141 0.0349462 0.0380164 0.0355444 0.0096201 0.0168819 0.0330332 0.0092004 0.0121043 0.0254525 0.0192588 0.0227268 -0.0417881 0.0039131 -0.0101995 -0.0213684 -0.0000060 0.0000615 -0.0016493 -0.0068094 -0.0212643 -0.0143985 0.0328232 -0.0058015 0.0337827 0.0341877 0.0333593 0.0128056 0.0161648 0.0199361 -0.0022780 0.0239969 0.0053369 0.0315903 -0.0058777 -0.0246061 -0.0216494 -0.0073808 -0.0027885 -0.0024107 -0.0182965 -0.0353004 -0.0185732 -0.0912965 -0.0931339 -0.0031145 -0.0114359 -0.0040491 -0.0429711 -0.0272430 -0.1427765 -0.0202890 -0.0587434 -0.0352427 -0.0349772 -0.0119973 -0.1049198 -0.0214411 -0.1221035
0.0071999 0.0074761 0.0097935 0.0110294 0.0066403 0.0022774 0.0036745 0.0063815 0.0055186 0.0035100 0.0058040 0.0051852 0.0079874 0.0070442 0.0095364 0.0105538 -0.0574333 -0.0506402 -0.0523562 -0.0507841 -0.0739008 -0.0560404 -0.0661587 -0.0571544 0.0235203 0.0207479 0.0259389 0.0242820 0.0228350 0.0297670 0.0344486 0.0265709 0.0289002 0.0208468 0.0226554 0.0365141 0.8589789 0.0276716 0.0338218 0.0278357 -0.0002778 0.0072137 0.0238326 0.0025232 0.0124625 0.0166556 0.0069248 0.0198371 -0.0352568 -0.0005814 -0.0081318 -0.0096524 -0.0054665 0.0024054 0.0078847 -0.0204948 -0.0167274 -0.0097356 0.0282253 0.0013450 0.0237736 0.0218808 0.0231974 0.0082404 0.0162987 0.0104244 0.0012502 0.0197947 0.0072487 0.0269423 -0.0013998 -0.0164897 -0.0158086 -0.0021431 0.0014395 0.0009637 -0.0110554 -0.0322710 -0.0171715 -0.0818039 -0.0840322 -0.0043360 -0.0150392 0.0029540 -0.0274456 -0.0207053 -0.1156525 -0.0085237 -0.0361522 -0.0247518 -0.0239475 -0.0070330 -0.0860054 -0.0095150 -0.0951153
0.0044919 0.0098137 0.0045093 0.0129321 0.0061792 0.0027583 0.0051930 0.0045509 0.0034689 0.0042732 0.0014701 0.0014109 0.0059218 0.0025959 0.0128021 0.0114488 -0.0646086 -0.0597709 -0.0585771 -0.0695910 -0.0739967 -0.0574547 -0.0679450 -0.0617927 0.0271583 0.0235022 0.0230707 0.0214890 0.0292698 0.0417933 0.0378954 0.0305943 0.0412440 0.0226202 0.0227606 0.0349462 0.0276716 0.8679639 0.0328336 0.0368431 0.0038874 0.0193680 0.0338218 0.0089215 0.0081057 0.0232769 0.0174977 0.0246176 -0.0376494 0.0059152 -0.0049575 -0.0098457 -0.0015613 -0.0018076 0.0096870 -0.0117097 -0.0155738 -0.0060815 0.0282323 -0.0068906 0.0305483 0.0283090 0.0282569 0.0135412 0.0085548 0.0171732 0.0040153 0.0236563 0.0130216 0.0303403 0.0003821 -0.0263288 -0.0146919 -0.0004891 -0.0013526 -0.0042101 -0.0158186 -0.0208406 -0.0120445 -0.0745268 -0.0878303 0.0001979 -0.0126836 0.0063062 -0.0283953 -0.0230984 -0.1199635 -0.0127615 -0.0402424 -0.0149315 -0.0153810 -0.0108829 -0.0901973 -0.0123314 -0.0999020
0.0103269 0.0116488 0.0131729 0.0152206 0.0142707 0.0052533 0.0114308 0.0114344 0.0063477 0.0121425 0.0091879 0.0077898 0.0113301 0.0064791 0.0137785 0.0132782 -0.0690543 -0.0578000 -0.0555453 -0.0646701 -0.0746101 -0.0628636 -0.0724852 -0.0634686 0.0211563 0.0236132 0.0253720 0.0220101 0.0260540 0.0256242 0.0368563 0.0298806 0.0401697 0.0227943 0.0149104 0.0380164 0.0338218 0.0328336 0.8475783 0.0317162 0.0031581 0.0109458 0.0229693 0.0130838 0.0067897 0.0301930 0.0140186 0.0286579 -0.0470792 0.0056899 -0.0061764 -0.0075265 -0.0052261 -0.0007124 0.0116768 -0.0102692 -0.0115702 -0.0165645 0.0264998 -0.0109131 0.0309166 0.0254797 0.0248839 0.0169277 0.0134542 0.0133308 -0.0040349 0.0258405 0.0018265 0.0149789 -0.0063443 -0.0263089 -0.0242203 -0.0030187 -0.0014534 -0.0052760 -0.0073907 -0.0357134 -0.0122792 -0.0678977 -0.0764202 -0.0082718 -0.0183455 0.0047765 -0.0409842 -0.0165112 -0.1302503 -0.0191472 -0.0522011 -0.0210543 -0.0217090 -0.0055731 -0.0926466 -0.0214904 -0.0962654
